,cid,label,left,right,top,bottom,width,height,score
0,2,car,630,1012,472,674,382,202,0.96728414
0,2,car,624,1016,473,674,392,201,0.9627743
1,2,car,630,1012,472,674,382,202,0.96728414
0,2,car,633,1015,474,672,382,198,0.95217836
1,2,car,624,1016,473,674,392,201,0.9627743
2,2,car,630,1012,472,674,382,202,0.96728414
0,2,car,323,721,432,700,398,268,0.9822901
1,2,car,633,1015,474,672,382,198,0.95217836
2,2,car,624,1016,473,674,392,201,0.9627743
3,2,car,630,1012,472,674,382,202,0.96728414
0,2,car,324,720,428,702,396,274,0.9842464
1,2,car,323,721,432,700,398,268,0.9822901
2,2,car,633,1015,474,672,382,198,0.95217836
3,2,car,624,1016,473,674,392,201,0.9627743
4,2,car,630,1012,472,674,382,202,0.96728414
0,2,car,325,720,428,703,395,275,0.98450696
1,2,car,324,720,428,702,396,274,0.9842464
2,2,car,323,721,432,700,398,268,0.9822901
3,2,car,633,1015,474,672,382,198,0.95217836
4,2,car,624,1016,473,674,392,201,0.9627743
5,2,car,630,1012,472,674,382,202,0.96728414
0,2,car,327,718,429,703,391,274,0.98843944
1,2,car,325,720,428,703,395,275,0.98450696
2,2,car,324,720,428,702,396,274,0.9842464
3,2,car,323,721,432,700,398,268,0.9822901
4,2,car,633,1015,474,672,382,198,0.95217836
5,2,car,624,1016,473,674,392,201,0.9627743
6,2,car,630,1012,472,674,382,202,0.96728414
0,2,car,325,718,427,701,393,274,0.9920203
1,2,car,327,718,429,703,391,274,0.98843944
2,2,car,325,720,428,703,395,275,0.98450696
3,2,car,324,720,428,702,396,274,0.9842464
4,2,car,323,721,432,700,398,268,0.9822901
5,2,car,633,1015,474,672,382,198,0.95217836
6,2,car,624,1016,473,674,392,201,0.9627743
7,2,car,630,1012,472,674,382,202,0.96728414
0,2,car,322,721,429,704,399,275,0.986656
1,2,car,325,718,427,701,393,274,0.9920203
2,2,car,327,718,429,703,391,274,0.98843944
3,2,car,325,720,428,703,395,275,0.98450696
4,2,car,324,720,428,702,396,274,0.9842464
5,2,car,323,721,432,700,398,268,0.9822901
6,2,car,633,1015,474,672,382,198,0.95217836
7,2,car,624,1016,473,674,392,201,0.9627743
8,2,car,630,1012,472,674,382,202,0.96728414
0,2,car,324,720,429,702,396,273,0.9859858
1,2,car,322,721,429,704,399,275,0.986656
2,2,car,325,718,427,701,393,274,0.9920203
3,2,car,327,718,429,703,391,274,0.98843944
4,2,car,325,720,428,703,395,275,0.98450696
5,2,car,324,720,428,702,396,274,0.9842464
6,2,car,323,721,432,700,398,268,0.9822901
7,2,car,633,1015,474,672,382,198,0.95217836
8,2,car,624,1016,473,674,392,201,0.9627743
9,2,car,630,1012,472,674,382,202,0.96728414
0,2,car,324,720,428,703,396,275,0.99021494
1,2,car,324,720,429,702,396,273,0.9859858
2,2,car,322,721,429,704,399,275,0.986656
3,2,car,325,718,427,701,393,274,0.9920203
4,2,car,327,718,429,703,391,274,0.98843944
5,2,car,325,720,428,703,395,275,0.98450696
6,2,car,324,720,428,702,396,274,0.9842464
7,2,car,323,721,432,700,398,268,0.9822901
8,2,car,633,1015,474,672,382,198,0.95217836
9,2,car,624,1016,473,674,392,201,0.9627743
10,2,car,630,1012,472,674,382,202,0.96728414
0,2,car,323,719,428,705,396,277,0.98655796
1,2,car,324,720,428,703,396,275,0.99021494
2,2,car,324,720,429,702,396,273,0.9859858
3,2,car,322,721,429,704,399,275,0.986656
4,2,car,325,718,427,701,393,274,0.9920203
5,2,car,327,718,429,703,391,274,0.98843944
6,2,car,325,720,428,703,395,275,0.98450696
7,2,car,324,720,428,702,396,274,0.9842464
8,2,car,323,721,432,700,398,268,0.9822901
9,2,car,633,1015,474,672,382,198,0.95217836
10,2,car,624,1016,473,674,392,201,0.9627743
11,2,car,630,1012,472,674,382,202,0.96728414
0,2,car,324,719,429,706,395,277,0.9873691
1,2,car,323,719,428,705,396,277,0.98655796
2,2,car,324,720,428,703,396,275,0.99021494
3,2,car,324,720,429,702,396,273,0.9859858
4,2,car,322,721,429,704,399,275,0.986656
5,2,car,325,718,427,701,393,274,0.9920203
6,2,car,327,718,429,703,391,274,0.98843944
7,2,car,325,720,428,703,395,275,0.98450696
8,2,car,324,720,428,702,396,274,0.9842464
9,2,car,323,721,432,700,398,268,0.9822901
10,2,car,633,1015,474,672,382,198,0.95217836
11,2,car,624,1016,473,674,392,201,0.9627743
12,2,car,630,1012,472,674,382,202,0.96728414
0,2,car,325,718,428,703,393,275,0.9901317
1,2,car,324,719,429,706,395,277,0.9873691
2,2,car,323,719,428,705,396,277,0.98655796
3,2,car,324,720,428,703,396,275,0.99021494
4,2,car,324,720,429,702,396,273,0.9859858
5,2,car,322,721,429,704,399,275,0.986656
6,2,car,325,718,427,701,393,274,0.9920203
7,2,car,327,718,429,703,391,274,0.98843944
8,2,car,325,720,428,703,395,275,0.98450696
9,2,car,324,720,428,702,396,274,0.9842464
10,2,car,323,721,432,700,398,268,0.9822901
11,2,car,633,1015,474,672,382,198,0.95217836
12,2,car,624,1016,473,674,392,201,0.9627743
13,2,car,630,1012,472,674,382,202,0.96728414
0,2,car,323,721,429,701,398,272,0.985675
1,2,car,325,718,428,703,393,275,0.9901317
2,2,car,324,719,429,706,395,277,0.9873691
3,2,car,323,719,428,705,396,277,0.98655796
4,2,car,324,720,428,703,396,275,0.99021494
5,2,car,324,720,429,702,396,273,0.9859858
6,2,car,322,721,429,704,399,275,0.986656
7,2,car,325,718,427,701,393,274,0.9920203
8,2,car,327,718,429,703,391,274,0.98843944
9,2,car,325,720,428,703,395,275,0.98450696
10,2,car,324,720,428,702,396,274,0.9842464
11,2,car,323,721,432,700,398,268,0.9822901
12,2,car,633,1015,474,672,382,198,0.95217836
13,2,car,624,1016,473,674,392,201,0.9627743
14,2,car,630,1012,472,674,382,202,0.96728414
0,2,car,325,719,429,703,394,274,0.98990077
1,2,car,323,721,429,701,398,272,0.985675
2,2,car,325,718,428,703,393,275,0.9901317
3,2,car,324,719,429,706,395,277,0.9873691
4,2,car,323,719,428,705,396,277,0.98655796
5,2,car,324,720,428,703,396,275,0.99021494
6,2,car,324,720,429,702,396,273,0.9859858
7,2,car,322,721,429,704,399,275,0.986656
8,2,car,325,718,427,701,393,274,0.9920203
9,2,car,327,718,429,703,391,274,0.98843944
10,2,car,325,720,428,703,395,275,0.98450696
11,2,car,324,720,428,702,396,274,0.9842464
12,2,car,323,721,432,700,398,268,0.9822901
13,2,car,633,1015,474,672,382,198,0.95217836
14,2,car,624,1016,473,674,392,201,0.9627743
15,2,car,630,1012,472,674,382,202,0.96728414
0,2,car,324,719,429,702,395,273,0.9903659
1,2,car,325,719,429,703,394,274,0.98990077
2,2,car,323,721,429,701,398,272,0.985675
3,2,car,325,718,428,703,393,275,0.9901317
4,2,car,324,719,429,706,395,277,0.9873691
5,2,car,323,719,428,705,396,277,0.98655796
6,2,car,324,720,428,703,396,275,0.99021494
7,2,car,324,720,429,702,396,273,0.9859858
8,2,car,322,721,429,704,399,275,0.986656
9,2,car,325,718,427,701,393,274,0.9920203
10,2,car,327,718,429,703,391,274,0.98843944
11,2,car,325,720,428,703,395,275,0.98450696
12,2,car,324,720,428,702,396,274,0.9842464
13,2,car,323,721,432,700,398,268,0.9822901
14,2,car,633,1015,474,672,382,198,0.95217836
15,2,car,624,1016,473,674,392,201,0.9627743
16,2,car,630,1012,472,674,382,202,0.96728414
0,2,car,325,718,428,703,393,275,0.99132633
1,2,car,324,719,429,702,395,273,0.9903659
2,2,car,325,719,429,703,394,274,0.98990077
3,2,car,323,721,429,701,398,272,0.985675
4,2,car,325,718,428,703,393,275,0.9901317
5,2,car,324,719,429,706,395,277,0.9873691
6,2,car,323,719,428,705,396,277,0.98655796
7,2,car,324,720,428,703,396,275,0.99021494
8,2,car,324,720,429,702,396,273,0.9859858
9,2,car,322,721,429,704,399,275,0.986656
10,2,car,325,718,427,701,393,274,0.9920203
11,2,car,327,718,429,703,391,274,0.98843944
12,2,car,325,720,428,703,395,275,0.98450696
13,2,car,324,720,428,702,396,274,0.9842464
14,2,car,323,721,432,700,398,268,0.9822901
15,2,car,633,1015,474,672,382,198,0.95217836
16,2,car,624,1016,473,674,392,201,0.9627743
17,2,car,630,1012,472,674,382,202,0.96728414
0,2,car,323,719,426,702,396,276,0.98796034
1,2,car,325,718,428,703,393,275,0.99132633
2,2,car,324,719,429,702,395,273,0.9903659
3,2,car,325,719,429,703,394,274,0.98990077
4,2,car,323,721,429,701,398,272,0.985675
5,2,car,325,718,428,703,393,275,0.9901317
6,2,car,324,719,429,706,395,277,0.9873691
7,2,car,323,719,428,705,396,277,0.98655796
8,2,car,324,720,428,703,396,275,0.99021494
9,2,car,324,720,429,702,396,273,0.9859858
10,2,car,322,721,429,704,399,275,0.986656
11,2,car,325,718,427,701,393,274,0.9920203
12,2,car,327,718,429,703,391,274,0.98843944
13,2,car,325,720,428,703,395,275,0.98450696
14,2,car,324,720,428,702,396,274,0.9842464
15,2,car,323,721,432,700,398,268,0.9822901
16,2,car,633,1015,474,672,382,198,0.95217836
17,2,car,624,1016,473,674,392,201,0.9627743
18,2,car,630,1012,472,674,382,202,0.96728414
0,2,car,325,720,428,703,395,275,0.98668766
1,2,car,323,719,426,702,396,276,0.98796034
2,2,car,325,718,428,703,393,275,0.99132633
3,2,car,324,719,429,702,395,273,0.9903659
4,2,car,325,719,429,703,394,274,0.98990077
5,2,car,323,721,429,701,398,272,0.985675
6,2,car,325,718,428,703,393,275,0.9901317
7,2,car,324,719,429,706,395,277,0.9873691
8,2,car,323,719,428,705,396,277,0.98655796
9,2,car,324,720,428,703,396,275,0.99021494
10,2,car,324,720,429,702,396,273,0.9859858
11,2,car,322,721,429,704,399,275,0.986656
12,2,car,325,718,427,701,393,274,0.9920203
13,2,car,327,718,429,703,391,274,0.98843944
14,2,car,325,720,428,703,395,275,0.98450696
15,2,car,324,720,428,702,396,274,0.9842464
16,2,car,323,721,432,700,398,268,0.9822901
17,2,car,633,1015,474,672,382,198,0.95217836
18,2,car,624,1016,473,674,392,201,0.9627743
19,2,car,630,1012,472,674,382,202,0.96728414
0,2,car,327,717,428,702,390,274,0.9918989
1,2,car,325,720,428,703,395,275,0.98668766
2,2,car,323,719,426,702,396,276,0.98796034
3,2,car,325,718,428,703,393,275,0.99132633
4,2,car,324,719,429,702,395,273,0.9903659
5,2,car,325,719,429,703,394,274,0.98990077
6,2,car,323,721,429,701,398,272,0.985675
7,2,car,325,718,428,703,393,275,0.9901317
8,2,car,324,719,429,706,395,277,0.9873691
9,2,car,323,719,428,705,396,277,0.98655796
10,2,car,324,720,428,703,396,275,0.99021494
11,2,car,324,720,429,702,396,273,0.9859858
12,2,car,322,721,429,704,399,275,0.986656
13,2,car,325,718,427,701,393,274,0.9920203
14,2,car,327,718,429,703,391,274,0.98843944
15,2,car,325,720,428,703,395,275,0.98450696
16,2,car,324,720,428,702,396,274,0.9842464
17,2,car,323,721,432,700,398,268,0.9822901
18,2,car,633,1015,474,672,382,198,0.95217836
19,2,car,624,1016,473,674,392,201,0.9627743
20,2,car,630,1012,472,674,382,202,0.96728414
0,2,car,325,718,428,702,393,274,0.9883029
1,2,car,327,717,428,702,390,274,0.9918989
2,2,car,325,720,428,703,395,275,0.98668766
3,2,car,323,719,426,702,396,276,0.98796034
4,2,car,325,718,428,703,393,275,0.99132633
5,2,car,324,719,429,702,395,273,0.9903659
6,2,car,325,719,429,703,394,274,0.98990077
7,2,car,323,721,429,701,398,272,0.985675
8,2,car,325,718,428,703,393,275,0.9901317
9,2,car,324,719,429,706,395,277,0.9873691
10,2,car,323,719,428,705,396,277,0.98655796
11,2,car,324,720,428,703,396,275,0.99021494
12,2,car,324,720,429,702,396,273,0.9859858
13,2,car,322,721,429,704,399,275,0.986656
14,2,car,325,718,427,701,393,274,0.9920203
15,2,car,327,718,429,703,391,274,0.98843944
16,2,car,325,720,428,703,395,275,0.98450696
17,2,car,324,720,428,702,396,274,0.9842464
18,2,car,323,721,432,700,398,268,0.9822901
19,2,car,633,1015,474,672,382,198,0.95217836
20,2,car,624,1016,473,674,392,201,0.9627743
21,2,car,630,1012,472,674,382,202,0.96728414
0,2,car,321,721,428,704,400,276,0.98718786
1,2,car,325,718,428,702,393,274,0.9883029
2,2,car,327,717,428,702,390,274,0.9918989
3,2,car,325,720,428,703,395,275,0.98668766
4,2,car,323,719,426,702,396,276,0.98796034
5,2,car,325,718,428,703,393,275,0.99132633
6,2,car,324,719,429,702,395,273,0.9903659
7,2,car,325,719,429,703,394,274,0.98990077
8,2,car,323,721,429,701,398,272,0.985675
9,2,car,325,718,428,703,393,275,0.9901317
10,2,car,324,719,429,706,395,277,0.9873691
11,2,car,323,719,428,705,396,277,0.98655796
12,2,car,324,720,428,703,396,275,0.99021494
13,2,car,324,720,429,702,396,273,0.9859858
14,2,car,322,721,429,704,399,275,0.986656
15,2,car,325,718,427,701,393,274,0.9920203
16,2,car,327,718,429,703,391,274,0.98843944
17,2,car,325,720,428,703,395,275,0.98450696
18,2,car,324,720,428,702,396,274,0.9842464
19,2,car,323,721,432,700,398,268,0.9822901
20,2,car,633,1015,474,672,382,198,0.95217836
21,2,car,624,1016,473,674,392,201,0.9627743
22,2,car,630,1012,472,674,382,202,0.96728414
0,2,car,324,719,432,700,395,268,0.9904738
1,2,car,321,721,428,704,400,276,0.98718786
2,2,car,325,718,428,702,393,274,0.9883029
3,2,car,327,717,428,702,390,274,0.9918989
4,2,car,325,720,428,703,395,275,0.98668766
5,2,car,323,719,426,702,396,276,0.98796034
6,2,car,325,718,428,703,393,275,0.99132633
7,2,car,324,719,429,702,395,273,0.9903659
8,2,car,325,719,429,703,394,274,0.98990077
9,2,car,323,721,429,701,398,272,0.985675
10,2,car,325,718,428,703,393,275,0.9901317
11,2,car,324,719,429,706,395,277,0.9873691
12,2,car,323,719,428,705,396,277,0.98655796
13,2,car,324,720,428,703,396,275,0.99021494
14,2,car,324,720,429,702,396,273,0.9859858
15,2,car,322,721,429,704,399,275,0.986656
16,2,car,325,718,427,701,393,274,0.9920203
17,2,car,327,718,429,703,391,274,0.98843944
18,2,car,325,720,428,703,395,275,0.98450696
19,2,car,324,720,428,702,396,274,0.9842464
20,2,car,323,721,432,700,398,268,0.9822901
21,2,car,633,1015,474,672,382,198,0.95217836
22,2,car,624,1016,473,674,392,201,0.9627743
23,2,car,630,1012,472,674,382,202,0.96728414
0,2,car,326,718,428,702,392,274,0.99181396
1,2,car,324,719,432,700,395,268,0.9904738
2,2,car,321,721,428,704,400,276,0.98718786
3,2,car,325,718,428,702,393,274,0.9883029
4,2,car,327,717,428,702,390,274,0.9918989
5,2,car,325,720,428,703,395,275,0.98668766
6,2,car,323,719,426,702,396,276,0.98796034
7,2,car,325,718,428,703,393,275,0.99132633
8,2,car,324,719,429,702,395,273,0.9903659
9,2,car,325,719,429,703,394,274,0.98990077
10,2,car,323,721,429,701,398,272,0.985675
11,2,car,325,718,428,703,393,275,0.9901317
12,2,car,324,719,429,706,395,277,0.9873691
13,2,car,323,719,428,705,396,277,0.98655796
14,2,car,324,720,428,703,396,275,0.99021494
15,2,car,324,720,429,702,396,273,0.9859858
16,2,car,322,721,429,704,399,275,0.986656
17,2,car,325,718,427,701,393,274,0.9920203
18,2,car,327,718,429,703,391,274,0.98843944
19,2,car,325,720,428,703,395,275,0.98450696
20,2,car,324,720,428,702,396,274,0.9842464
21,2,car,323,721,432,700,398,268,0.9822901
22,2,car,633,1015,474,672,382,198,0.95217836
23,2,car,624,1016,473,674,392,201,0.9627743
24,2,car,630,1012,472,674,382,202,0.96728414
0,2,car,324,719,427,704,395,277,0.9907067
1,2,car,326,718,428,702,392,274,0.99181396
2,2,car,324,719,432,700,395,268,0.9904738
3,2,car,321,721,428,704,400,276,0.98718786
4,2,car,325,718,428,702,393,274,0.9883029
5,2,car,327,717,428,702,390,274,0.9918989
6,2,car,325,720,428,703,395,275,0.98668766
7,2,car,323,719,426,702,396,276,0.98796034
8,2,car,325,718,428,703,393,275,0.99132633
9,2,car,324,719,429,702,395,273,0.9903659
10,2,car,325,719,429,703,394,274,0.98990077
11,2,car,323,721,429,701,398,272,0.985675
12,2,car,325,718,428,703,393,275,0.9901317
13,2,car,324,719,429,706,395,277,0.9873691
14,2,car,323,719,428,705,396,277,0.98655796
15,2,car,324,720,428,703,396,275,0.99021494
16,2,car,324,720,429,702,396,273,0.9859858
17,2,car,322,721,429,704,399,275,0.986656
18,2,car,325,718,427,701,393,274,0.9920203
19,2,car,327,718,429,703,391,274,0.98843944
20,2,car,325,720,428,703,395,275,0.98450696
21,2,car,324,720,428,702,396,274,0.9842464
22,2,car,323,721,432,700,398,268,0.9822901
23,2,car,633,1015,474,672,382,198,0.95217836
24,2,car,624,1016,473,674,392,201,0.9627743
25,2,car,630,1012,472,674,382,202,0.96728414
0,2,car,327,718,429,704,391,275,0.98675
1,2,car,324,719,427,704,395,277,0.9907067
2,2,car,326,718,428,702,392,274,0.99181396
3,2,car,324,719,432,700,395,268,0.9904738
4,2,car,321,721,428,704,400,276,0.98718786
5,2,car,325,718,428,702,393,274,0.9883029
6,2,car,327,717,428,702,390,274,0.9918989
7,2,car,325,720,428,703,395,275,0.98668766
8,2,car,323,719,426,702,396,276,0.98796034
9,2,car,325,718,428,703,393,275,0.99132633
10,2,car,324,719,429,702,395,273,0.9903659
11,2,car,325,719,429,703,394,274,0.98990077
12,2,car,323,721,429,701,398,272,0.985675
13,2,car,325,718,428,703,393,275,0.9901317
14,2,car,324,719,429,706,395,277,0.9873691
15,2,car,323,719,428,705,396,277,0.98655796
16,2,car,324,720,428,703,396,275,0.99021494
17,2,car,324,720,429,702,396,273,0.9859858
18,2,car,322,721,429,704,399,275,0.986656
19,2,car,325,718,427,701,393,274,0.9920203
20,2,car,327,718,429,703,391,274,0.98843944
21,2,car,325,720,428,703,395,275,0.98450696
22,2,car,324,720,428,702,396,274,0.9842464
23,2,car,323,721,432,700,398,268,0.9822901
24,2,car,633,1015,474,672,382,198,0.95217836
25,2,car,624,1016,473,674,392,201,0.9627743
26,2,car,630,1012,472,674,382,202,0.96728414
0,2,car,326,718,431,701,392,270,0.992501
1,2,car,327,718,429,704,391,275,0.98675
2,2,car,324,719,427,704,395,277,0.9907067
3,2,car,326,718,428,702,392,274,0.99181396
4,2,car,324,719,432,700,395,268,0.9904738
5,2,car,321,721,428,704,400,276,0.98718786
6,2,car,325,718,428,702,393,274,0.9883029
7,2,car,327,717,428,702,390,274,0.9918989
8,2,car,325,720,428,703,395,275,0.98668766
9,2,car,323,719,426,702,396,276,0.98796034
10,2,car,325,718,428,703,393,275,0.99132633
11,2,car,324,719,429,702,395,273,0.9903659
12,2,car,325,719,429,703,394,274,0.98990077
13,2,car,323,721,429,701,398,272,0.985675
14,2,car,325,718,428,703,393,275,0.9901317
15,2,car,324,719,429,706,395,277,0.9873691
16,2,car,323,719,428,705,396,277,0.98655796
17,2,car,324,720,428,703,396,275,0.99021494
18,2,car,324,720,429,702,396,273,0.9859858
19,2,car,322,721,429,704,399,275,0.986656
20,2,car,325,718,427,701,393,274,0.9920203
21,2,car,327,718,429,703,391,274,0.98843944
22,2,car,325,720,428,703,395,275,0.98450696
23,2,car,324,720,428,702,396,274,0.9842464
24,2,car,323,721,432,700,398,268,0.9822901
25,2,car,633,1015,474,672,382,198,0.95217836
26,2,car,624,1016,473,674,392,201,0.9627743
27,2,car,630,1012,472,674,382,202,0.96728414
0,2,car,324,718,427,702,394,275,0.9852958
1,2,car,326,718,431,701,392,270,0.992501
2,2,car,327,718,429,704,391,275,0.98675
3,2,car,324,719,427,704,395,277,0.9907067
4,2,car,326,718,428,702,392,274,0.99181396
5,2,car,324,719,432,700,395,268,0.9904738
6,2,car,321,721,428,704,400,276,0.98718786
7,2,car,325,718,428,702,393,274,0.9883029
8,2,car,327,717,428,702,390,274,0.9918989
9,2,car,325,720,428,703,395,275,0.98668766
10,2,car,323,719,426,702,396,276,0.98796034
11,2,car,325,718,428,703,393,275,0.99132633
12,2,car,324,719,429,702,395,273,0.9903659
13,2,car,325,719,429,703,394,274,0.98990077
14,2,car,323,721,429,701,398,272,0.985675
15,2,car,325,718,428,703,393,275,0.9901317
16,2,car,324,719,429,706,395,277,0.9873691
17,2,car,323,719,428,705,396,277,0.98655796
18,2,car,324,720,428,703,396,275,0.99021494
19,2,car,324,720,429,702,396,273,0.9859858
20,2,car,322,721,429,704,399,275,0.986656
21,2,car,325,718,427,701,393,274,0.9920203
22,2,car,327,718,429,703,391,274,0.98843944
23,2,car,325,720,428,703,395,275,0.98450696
24,2,car,324,720,428,702,396,274,0.9842464
25,2,car,323,721,432,700,398,268,0.9822901
26,2,car,633,1015,474,672,382,198,0.95217836
27,2,car,624,1016,473,674,392,201,0.9627743
28,2,car,630,1012,472,674,382,202,0.96728414
0,2,car,322,720,428,702,398,274,0.9825019
1,2,car,324,718,427,702,394,275,0.9852958
2,2,car,326,718,431,701,392,270,0.992501
3,2,car,327,718,429,704,391,275,0.98675
4,2,car,324,719,427,704,395,277,0.9907067
5,2,car,326,718,428,702,392,274,0.99181396
6,2,car,324,719,432,700,395,268,0.9904738
7,2,car,321,721,428,704,400,276,0.98718786
8,2,car,325,718,428,702,393,274,0.9883029
9,2,car,327,717,428,702,390,274,0.9918989
10,2,car,325,720,428,703,395,275,0.98668766
11,2,car,323,719,426,702,396,276,0.98796034
12,2,car,325,718,428,703,393,275,0.99132633
13,2,car,324,719,429,702,395,273,0.9903659
14,2,car,325,719,429,703,394,274,0.98990077
15,2,car,323,721,429,701,398,272,0.985675
16,2,car,325,718,428,703,393,275,0.9901317
17,2,car,324,719,429,706,395,277,0.9873691
18,2,car,323,719,428,705,396,277,0.98655796
19,2,car,324,720,428,703,396,275,0.99021494
20,2,car,324,720,429,702,396,273,0.9859858
21,2,car,322,721,429,704,399,275,0.986656
22,2,car,325,718,427,701,393,274,0.9920203
23,2,car,327,718,429,703,391,274,0.98843944
24,2,car,325,720,428,703,395,275,0.98450696
25,2,car,324,720,428,702,396,274,0.9842464
26,2,car,323,721,432,700,398,268,0.9822901
27,2,car,633,1015,474,672,382,198,0.95217836
28,2,car,624,1016,473,674,392,201,0.9627743
29,2,car,630,1012,472,674,382,202,0.96728414
0,2,car,324,721,428,702,397,274,0.986733
1,2,car,322,720,428,702,398,274,0.9825019
2,2,car,324,718,427,702,394,275,0.9852958
3,2,car,326,718,431,701,392,270,0.992501
4,2,car,327,718,429,704,391,275,0.98675
5,2,car,324,719,427,704,395,277,0.9907067
6,2,car,326,718,428,702,392,274,0.99181396
7,2,car,324,719,432,700,395,268,0.9904738
8,2,car,321,721,428,704,400,276,0.98718786
9,2,car,325,718,428,702,393,274,0.9883029
10,2,car,327,717,428,702,390,274,0.9918989
11,2,car,325,720,428,703,395,275,0.98668766
12,2,car,323,719,426,702,396,276,0.98796034
13,2,car,325,718,428,703,393,275,0.99132633
14,2,car,324,719,429,702,395,273,0.9903659
15,2,car,325,719,429,703,394,274,0.98990077
16,2,car,323,721,429,701,398,272,0.985675
17,2,car,325,718,428,703,393,275,0.9901317
18,2,car,324,719,429,706,395,277,0.9873691
19,2,car,323,719,428,705,396,277,0.98655796
20,2,car,324,720,428,703,396,275,0.99021494
21,2,car,324,720,429,702,396,273,0.9859858
22,2,car,322,721,429,704,399,275,0.986656
23,2,car,325,718,427,701,393,274,0.9920203
24,2,car,327,718,429,703,391,274,0.98843944
25,2,car,325,720,428,703,395,275,0.98450696
26,2,car,324,720,428,702,396,274,0.9842464
27,2,car,323,721,432,700,398,268,0.9822901
28,2,car,633,1015,474,672,382,198,0.95217836
29,2,car,624,1016,473,674,392,201,0.9627743
30,2,car,630,1012,472,674,382,202,0.96728414
0,2,car,328,717,429,701,389,272,0.9907223
1,2,car,324,721,428,702,397,274,0.986733
2,2,car,322,720,428,702,398,274,0.9825019
3,2,car,324,718,427,702,394,275,0.9852958
4,2,car,326,718,431,701,392,270,0.992501
5,2,car,327,718,429,704,391,275,0.98675
6,2,car,324,719,427,704,395,277,0.9907067
7,2,car,326,718,428,702,392,274,0.99181396
8,2,car,324,719,432,700,395,268,0.9904738
9,2,car,321,721,428,704,400,276,0.98718786
10,2,car,325,718,428,702,393,274,0.9883029
11,2,car,327,717,428,702,390,274,0.9918989
12,2,car,325,720,428,703,395,275,0.98668766
13,2,car,323,719,426,702,396,276,0.98796034
14,2,car,325,718,428,703,393,275,0.99132633
15,2,car,324,719,429,702,395,273,0.9903659
16,2,car,325,719,429,703,394,274,0.98990077
17,2,car,323,721,429,701,398,272,0.985675
18,2,car,325,718,428,703,393,275,0.9901317
19,2,car,324,719,429,706,395,277,0.9873691
20,2,car,323,719,428,705,396,277,0.98655796
21,2,car,324,720,428,703,396,275,0.99021494
22,2,car,324,720,429,702,396,273,0.9859858
23,2,car,322,721,429,704,399,275,0.986656
24,2,car,325,718,427,701,393,274,0.9920203
25,2,car,327,718,429,703,391,274,0.98843944
26,2,car,325,720,428,703,395,275,0.98450696
27,2,car,324,720,428,702,396,274,0.9842464
28,2,car,323,721,432,700,398,268,0.9822901
29,2,car,633,1015,474,672,382,198,0.95217836
30,2,car,624,1016,473,674,392,201,0.9627743
31,2,car,630,1012,472,674,382,202,0.96728414
0,2,car,323,720,426,704,397,278,0.99095935
1,2,car,328,717,429,701,389,272,0.9907223
2,2,car,324,721,428,702,397,274,0.986733
3,2,car,322,720,428,702,398,274,0.9825019
4,2,car,324,718,427,702,394,275,0.9852958
5,2,car,326,718,431,701,392,270,0.992501
6,2,car,327,718,429,704,391,275,0.98675
7,2,car,324,719,427,704,395,277,0.9907067
8,2,car,326,718,428,702,392,274,0.99181396
9,2,car,324,719,432,700,395,268,0.9904738
10,2,car,321,721,428,704,400,276,0.98718786
11,2,car,325,718,428,702,393,274,0.9883029
12,2,car,327,717,428,702,390,274,0.9918989
13,2,car,325,720,428,703,395,275,0.98668766
14,2,car,323,719,426,702,396,276,0.98796034
15,2,car,325,718,428,703,393,275,0.99132633
16,2,car,324,719,429,702,395,273,0.9903659
17,2,car,325,719,429,703,394,274,0.98990077
18,2,car,323,721,429,701,398,272,0.985675
19,2,car,325,718,428,703,393,275,0.9901317
20,2,car,324,719,429,706,395,277,0.9873691
21,2,car,323,719,428,705,396,277,0.98655796
22,2,car,324,720,428,703,396,275,0.99021494
23,2,car,324,720,429,702,396,273,0.9859858
24,2,car,322,721,429,704,399,275,0.986656
25,2,car,325,718,427,701,393,274,0.9920203
26,2,car,327,718,429,703,391,274,0.98843944
27,2,car,325,720,428,703,395,275,0.98450696
28,2,car,324,720,428,702,396,274,0.9842464
29,2,car,323,721,432,700,398,268,0.9822901
30,2,car,633,1015,474,672,382,198,0.95217836
31,2,car,624,1016,473,674,392,201,0.9627743
32,2,car,630,1012,472,674,382,202,0.96728414
0,2,car,324,720,428,704,396,276,0.98831075
1,2,car,323,720,426,704,397,278,0.99095935
2,2,car,328,717,429,701,389,272,0.9907223
3,2,car,324,721,428,702,397,274,0.986733
4,2,car,322,720,428,702,398,274,0.9825019
5,2,car,324,718,427,702,394,275,0.9852958
6,2,car,326,718,431,701,392,270,0.992501
7,2,car,327,718,429,704,391,275,0.98675
8,2,car,324,719,427,704,395,277,0.9907067
9,2,car,326,718,428,702,392,274,0.99181396
10,2,car,324,719,432,700,395,268,0.9904738
11,2,car,321,721,428,704,400,276,0.98718786
12,2,car,325,718,428,702,393,274,0.9883029
13,2,car,327,717,428,702,390,274,0.9918989
14,2,car,325,720,428,703,395,275,0.98668766
15,2,car,323,719,426,702,396,276,0.98796034
16,2,car,325,718,428,703,393,275,0.99132633
17,2,car,324,719,429,702,395,273,0.9903659
18,2,car,325,719,429,703,394,274,0.98990077
19,2,car,323,721,429,701,398,272,0.985675
20,2,car,325,718,428,703,393,275,0.9901317
21,2,car,324,719,429,706,395,277,0.9873691
22,2,car,323,719,428,705,396,277,0.98655796
23,2,car,324,720,428,703,396,275,0.99021494
24,2,car,324,720,429,702,396,273,0.9859858
25,2,car,322,721,429,704,399,275,0.986656
26,2,car,325,718,427,701,393,274,0.9920203
27,2,car,327,718,429,703,391,274,0.98843944
28,2,car,325,720,428,703,395,275,0.98450696
29,2,car,324,720,428,702,396,274,0.9842464
30,2,car,323,721,432,700,398,268,0.9822901
31,2,car,633,1015,474,672,382,198,0.95217836
32,2,car,624,1016,473,674,392,201,0.9627743
33,2,car,630,1012,472,674,382,202,0.96728414
0,2,car,320,723,429,702,403,273,0.9843905
1,2,car,324,720,428,704,396,276,0.98831075
2,2,car,323,720,426,704,397,278,0.99095935
3,2,car,328,717,429,701,389,272,0.9907223
4,2,car,324,721,428,702,397,274,0.986733
5,2,car,322,720,428,702,398,274,0.9825019
6,2,car,324,718,427,702,394,275,0.9852958
7,2,car,326,718,431,701,392,270,0.992501
8,2,car,327,718,429,704,391,275,0.98675
9,2,car,324,719,427,704,395,277,0.9907067
10,2,car,326,718,428,702,392,274,0.99181396
11,2,car,324,719,432,700,395,268,0.9904738
12,2,car,321,721,428,704,400,276,0.98718786
13,2,car,325,718,428,702,393,274,0.9883029
14,2,car,327,717,428,702,390,274,0.9918989
15,2,car,325,720,428,703,395,275,0.98668766
16,2,car,323,719,426,702,396,276,0.98796034
17,2,car,325,718,428,703,393,275,0.99132633
18,2,car,324,719,429,702,395,273,0.9903659
19,2,car,325,719,429,703,394,274,0.98990077
20,2,car,323,721,429,701,398,272,0.985675
21,2,car,325,718,428,703,393,275,0.9901317
22,2,car,324,719,429,706,395,277,0.9873691
23,2,car,323,719,428,705,396,277,0.98655796
24,2,car,324,720,428,703,396,275,0.99021494
25,2,car,324,720,429,702,396,273,0.9859858
26,2,car,322,721,429,704,399,275,0.986656
27,2,car,325,718,427,701,393,274,0.9920203
28,2,car,327,718,429,703,391,274,0.98843944
29,2,car,325,720,428,703,395,275,0.98450696
30,2,car,324,720,428,702,396,274,0.9842464
31,2,car,323,721,432,700,398,268,0.9822901
32,2,car,633,1015,474,672,382,198,0.95217836
33,2,car,624,1016,473,674,392,201,0.9627743
34,2,car,630,1012,472,674,382,202,0.96728414
0,2,car,327,717,429,702,390,273,0.9905357
1,2,car,320,723,429,702,403,273,0.9843905
2,2,car,324,720,428,704,396,276,0.98831075
3,2,car,323,720,426,704,397,278,0.99095935
4,2,car,328,717,429,701,389,272,0.9907223
5,2,car,324,721,428,702,397,274,0.986733
6,2,car,322,720,428,702,398,274,0.9825019
7,2,car,324,718,427,702,394,275,0.9852958
8,2,car,326,718,431,701,392,270,0.992501
9,2,car,327,718,429,704,391,275,0.98675
10,2,car,324,719,427,704,395,277,0.9907067
11,2,car,326,718,428,702,392,274,0.99181396
12,2,car,324,719,432,700,395,268,0.9904738
13,2,car,321,721,428,704,400,276,0.98718786
14,2,car,325,718,428,702,393,274,0.9883029
15,2,car,327,717,428,702,390,274,0.9918989
16,2,car,325,720,428,703,395,275,0.98668766
17,2,car,323,719,426,702,396,276,0.98796034
18,2,car,325,718,428,703,393,275,0.99132633
19,2,car,324,719,429,702,395,273,0.9903659
20,2,car,325,719,429,703,394,274,0.98990077
21,2,car,323,721,429,701,398,272,0.985675
22,2,car,325,718,428,703,393,275,0.9901317
23,2,car,324,719,429,706,395,277,0.9873691
24,2,car,323,719,428,705,396,277,0.98655796
25,2,car,324,720,428,703,396,275,0.99021494
26,2,car,324,720,429,702,396,273,0.9859858
27,2,car,322,721,429,704,399,275,0.986656
28,2,car,325,718,427,701,393,274,0.9920203
29,2,car,327,718,429,703,391,274,0.98843944
30,2,car,325,720,428,703,395,275,0.98450696
31,2,car,324,720,428,702,396,274,0.9842464
32,2,car,323,721,432,700,398,268,0.9822901
33,2,car,633,1015,474,672,382,198,0.95217836
34,2,car,624,1016,473,674,392,201,0.9627743
35,2,car,630,1012,472,674,382,202,0.96728414
0,2,car,326,718,429,701,392,272,0.9883674
1,2,car,327,717,429,702,390,273,0.9905357
2,2,car,320,723,429,702,403,273,0.9843905
3,2,car,324,720,428,704,396,276,0.98831075
4,2,car,323,720,426,704,397,278,0.99095935
5,2,car,328,717,429,701,389,272,0.9907223
6,2,car,324,721,428,702,397,274,0.986733
7,2,car,322,720,428,702,398,274,0.9825019
8,2,car,324,718,427,702,394,275,0.9852958
9,2,car,326,718,431,701,392,270,0.992501
10,2,car,327,718,429,704,391,275,0.98675
11,2,car,324,719,427,704,395,277,0.9907067
12,2,car,326,718,428,702,392,274,0.99181396
13,2,car,324,719,432,700,395,268,0.9904738
14,2,car,321,721,428,704,400,276,0.98718786
15,2,car,325,718,428,702,393,274,0.9883029
16,2,car,327,717,428,702,390,274,0.9918989
17,2,car,325,720,428,703,395,275,0.98668766
18,2,car,323,719,426,702,396,276,0.98796034
19,2,car,325,718,428,703,393,275,0.99132633
20,2,car,324,719,429,702,395,273,0.9903659
21,2,car,325,719,429,703,394,274,0.98990077
22,2,car,323,721,429,701,398,272,0.985675
23,2,car,325,718,428,703,393,275,0.9901317
24,2,car,324,719,429,706,395,277,0.9873691
25,2,car,323,719,428,705,396,277,0.98655796
26,2,car,324,720,428,703,396,275,0.99021494
27,2,car,324,720,429,702,396,273,0.9859858
28,2,car,322,721,429,704,399,275,0.986656
29,2,car,325,718,427,701,393,274,0.9920203
30,2,car,327,718,429,703,391,274,0.98843944
31,2,car,325,720,428,703,395,275,0.98450696
32,2,car,324,720,428,702,396,274,0.9842464
33,2,car,323,721,432,700,398,268,0.9822901
34,2,car,633,1015,474,672,382,198,0.95217836
35,2,car,624,1016,473,674,392,201,0.9627743
36,2,car,630,1012,472,674,382,202,0.96728414
0,2,car,326,719,430,705,393,275,0.98934734
1,2,car,326,718,429,701,392,272,0.9883674
2,2,car,327,717,429,702,390,273,0.9905357
3,2,car,320,723,429,702,403,273,0.9843905
4,2,car,324,720,428,704,396,276,0.98831075
5,2,car,323,720,426,704,397,278,0.99095935
6,2,car,328,717,429,701,389,272,0.9907223
7,2,car,324,721,428,702,397,274,0.986733
8,2,car,322,720,428,702,398,274,0.9825019
9,2,car,324,718,427,702,394,275,0.9852958
10,2,car,326,718,431,701,392,270,0.992501
11,2,car,327,718,429,704,391,275,0.98675
12,2,car,324,719,427,704,395,277,0.9907067
13,2,car,326,718,428,702,392,274,0.99181396
14,2,car,324,719,432,700,395,268,0.9904738
15,2,car,321,721,428,704,400,276,0.98718786
16,2,car,325,718,428,702,393,274,0.9883029
17,2,car,327,717,428,702,390,274,0.9918989
18,2,car,325,720,428,703,395,275,0.98668766
19,2,car,323,719,426,702,396,276,0.98796034
20,2,car,325,718,428,703,393,275,0.99132633
21,2,car,324,719,429,702,395,273,0.9903659
22,2,car,325,719,429,703,394,274,0.98990077
23,2,car,323,721,429,701,398,272,0.985675
24,2,car,325,718,428,703,393,275,0.9901317
25,2,car,324,719,429,706,395,277,0.9873691
26,2,car,323,719,428,705,396,277,0.98655796
27,2,car,324,720,428,703,396,275,0.99021494
28,2,car,324,720,429,702,396,273,0.9859858
29,2,car,322,721,429,704,399,275,0.986656
30,2,car,325,718,427,701,393,274,0.9920203
31,2,car,327,718,429,703,391,274,0.98843944
32,2,car,325,720,428,703,395,275,0.98450696
33,2,car,324,720,428,702,396,274,0.9842464
34,2,car,323,721,432,700,398,268,0.9822901
35,2,car,633,1015,474,672,382,198,0.95217836
36,2,car,624,1016,473,674,392,201,0.9627743
37,2,car,630,1012,472,674,382,202,0.96728414
0,2,car,328,717,428,701,389,273,0.9915404
1,2,car,326,719,430,705,393,275,0.98934734
2,2,car,326,718,429,701,392,272,0.9883674
3,2,car,327,717,429,702,390,273,0.9905357
4,2,car,320,723,429,702,403,273,0.9843905
5,2,car,324,720,428,704,396,276,0.98831075
6,2,car,323,720,426,704,397,278,0.99095935
7,2,car,328,717,429,701,389,272,0.9907223
8,2,car,324,721,428,702,397,274,0.986733
9,2,car,322,720,428,702,398,274,0.9825019
10,2,car,324,718,427,702,394,275,0.9852958
11,2,car,326,718,431,701,392,270,0.992501
12,2,car,327,718,429,704,391,275,0.98675
13,2,car,324,719,427,704,395,277,0.9907067
14,2,car,326,718,428,702,392,274,0.99181396
15,2,car,324,719,432,700,395,268,0.9904738
16,2,car,321,721,428,704,400,276,0.98718786
17,2,car,325,718,428,702,393,274,0.9883029
18,2,car,327,717,428,702,390,274,0.9918989
19,2,car,325,720,428,703,395,275,0.98668766
20,2,car,323,719,426,702,396,276,0.98796034
21,2,car,325,718,428,703,393,275,0.99132633
22,2,car,324,719,429,702,395,273,0.9903659
23,2,car,325,719,429,703,394,274,0.98990077
24,2,car,323,721,429,701,398,272,0.985675
25,2,car,325,718,428,703,393,275,0.9901317
26,2,car,324,719,429,706,395,277,0.9873691
27,2,car,323,719,428,705,396,277,0.98655796
28,2,car,324,720,428,703,396,275,0.99021494
29,2,car,324,720,429,702,396,273,0.9859858
30,2,car,322,721,429,704,399,275,0.986656
31,2,car,325,718,427,701,393,274,0.9920203
32,2,car,327,718,429,703,391,274,0.98843944
33,2,car,325,720,428,703,395,275,0.98450696
34,2,car,324,720,428,702,396,274,0.9842464
35,2,car,323,721,432,700,398,268,0.9822901
36,2,car,633,1015,474,672,382,198,0.95217836
37,2,car,624,1016,473,674,392,201,0.9627743
38,2,car,630,1012,472,674,382,202,0.96728414
0,2,car,323,719,429,703,396,274,0.988157
1,2,car,328,717,428,701,389,273,0.9915404
2,2,car,326,719,430,705,393,275,0.98934734
3,2,car,326,718,429,701,392,272,0.9883674
4,2,car,327,717,429,702,390,273,0.9905357
5,2,car,320,723,429,702,403,273,0.9843905
6,2,car,324,720,428,704,396,276,0.98831075
7,2,car,323,720,426,704,397,278,0.99095935
8,2,car,328,717,429,701,389,272,0.9907223
9,2,car,324,721,428,702,397,274,0.986733
10,2,car,322,720,428,702,398,274,0.9825019
11,2,car,324,718,427,702,394,275,0.9852958
12,2,car,326,718,431,701,392,270,0.992501
13,2,car,327,718,429,704,391,275,0.98675
14,2,car,324,719,427,704,395,277,0.9907067
15,2,car,326,718,428,702,392,274,0.99181396
16,2,car,324,719,432,700,395,268,0.9904738
17,2,car,321,721,428,704,400,276,0.98718786
18,2,car,325,718,428,702,393,274,0.9883029
19,2,car,327,717,428,702,390,274,0.9918989
20,2,car,325,720,428,703,395,275,0.98668766
21,2,car,323,719,426,702,396,276,0.98796034
22,2,car,325,718,428,703,393,275,0.99132633
23,2,car,324,719,429,702,395,273,0.9903659
24,2,car,325,719,429,703,394,274,0.98990077
25,2,car,323,721,429,701,398,272,0.985675
26,2,car,325,718,428,703,393,275,0.9901317
27,2,car,324,719,429,706,395,277,0.9873691
28,2,car,323,719,428,705,396,277,0.98655796
29,2,car,324,720,428,703,396,275,0.99021494
30,2,car,324,720,429,702,396,273,0.9859858
31,2,car,322,721,429,704,399,275,0.986656
32,2,car,325,718,427,701,393,274,0.9920203
33,2,car,327,718,429,703,391,274,0.98843944
34,2,car,325,720,428,703,395,275,0.98450696
35,2,car,324,720,428,702,396,274,0.9842464
36,2,car,323,721,432,700,398,268,0.9822901
37,2,car,633,1015,474,672,382,198,0.95217836
38,2,car,624,1016,473,674,392,201,0.9627743
39,2,car,630,1012,472,674,382,202,0.96728414
0,2,car,325,719,428,700,394,272,0.9882382
1,2,car,323,719,429,703,396,274,0.988157
2,2,car,328,717,428,701,389,273,0.9915404
3,2,car,326,719,430,705,393,275,0.98934734
4,2,car,326,718,429,701,392,272,0.9883674
5,2,car,327,717,429,702,390,273,0.9905357
6,2,car,320,723,429,702,403,273,0.9843905
7,2,car,324,720,428,704,396,276,0.98831075
8,2,car,323,720,426,704,397,278,0.99095935
9,2,car,328,717,429,701,389,272,0.9907223
10,2,car,324,721,428,702,397,274,0.986733
11,2,car,322,720,428,702,398,274,0.9825019
12,2,car,324,718,427,702,394,275,0.9852958
13,2,car,326,718,431,701,392,270,0.992501
14,2,car,327,718,429,704,391,275,0.98675
15,2,car,324,719,427,704,395,277,0.9907067
16,2,car,326,718,428,702,392,274,0.99181396
17,2,car,324,719,432,700,395,268,0.9904738
18,2,car,321,721,428,704,400,276,0.98718786
19,2,car,325,718,428,702,393,274,0.9883029
20,2,car,327,717,428,702,390,274,0.9918989
21,2,car,325,720,428,703,395,275,0.98668766
22,2,car,323,719,426,702,396,276,0.98796034
23,2,car,325,718,428,703,393,275,0.99132633
24,2,car,324,719,429,702,395,273,0.9903659
25,2,car,325,719,429,703,394,274,0.98990077
26,2,car,323,721,429,701,398,272,0.985675
27,2,car,325,718,428,703,393,275,0.9901317
28,2,car,324,719,429,706,395,277,0.9873691
29,2,car,323,719,428,705,396,277,0.98655796
30,2,car,324,720,428,703,396,275,0.99021494
31,2,car,324,720,429,702,396,273,0.9859858
32,2,car,322,721,429,704,399,275,0.986656
33,2,car,325,718,427,701,393,274,0.9920203
34,2,car,327,718,429,703,391,274,0.98843944
35,2,car,325,720,428,703,395,275,0.98450696
36,2,car,324,720,428,702,396,274,0.9842464
37,2,car,323,721,432,700,398,268,0.9822901
38,2,car,633,1015,474,672,382,198,0.95217836
39,2,car,624,1016,473,674,392,201,0.9627743
40,2,car,630,1012,472,674,382,202,0.96728414
0,2,car,322,721,427,703,399,276,0.9812377
1,2,car,325,719,428,700,394,272,0.9882382
2,2,car,323,719,429,703,396,274,0.988157
3,2,car,328,717,428,701,389,273,0.9915404
4,2,car,326,719,430,705,393,275,0.98934734
5,2,car,326,718,429,701,392,272,0.9883674
6,2,car,327,717,429,702,390,273,0.9905357
7,2,car,320,723,429,702,403,273,0.9843905
8,2,car,324,720,428,704,396,276,0.98831075
9,2,car,323,720,426,704,397,278,0.99095935
10,2,car,328,717,429,701,389,272,0.9907223
11,2,car,324,721,428,702,397,274,0.986733
12,2,car,322,720,428,702,398,274,0.9825019
13,2,car,324,718,427,702,394,275,0.9852958
14,2,car,326,718,431,701,392,270,0.992501
15,2,car,327,718,429,704,391,275,0.98675
16,2,car,324,719,427,704,395,277,0.9907067
17,2,car,326,718,428,702,392,274,0.99181396
18,2,car,324,719,432,700,395,268,0.9904738
19,2,car,321,721,428,704,400,276,0.98718786
20,2,car,325,718,428,702,393,274,0.9883029
21,2,car,327,717,428,702,390,274,0.9918989
22,2,car,325,720,428,703,395,275,0.98668766
23,2,car,323,719,426,702,396,276,0.98796034
24,2,car,325,718,428,703,393,275,0.99132633
25,2,car,324,719,429,702,395,273,0.9903659
26,2,car,325,719,429,703,394,274,0.98990077
27,2,car,323,721,429,701,398,272,0.985675
28,2,car,325,718,428,703,393,275,0.9901317
29,2,car,324,719,429,706,395,277,0.9873691
30,2,car,323,719,428,705,396,277,0.98655796
31,2,car,324,720,428,703,396,275,0.99021494
32,2,car,324,720,429,702,396,273,0.9859858
33,2,car,322,721,429,704,399,275,0.986656
34,2,car,325,718,427,701,393,274,0.9920203
35,2,car,327,718,429,703,391,274,0.98843944
36,2,car,325,720,428,703,395,275,0.98450696
37,2,car,324,720,428,702,396,274,0.9842464
38,2,car,323,721,432,700,398,268,0.9822901
39,2,car,633,1015,474,672,382,198,0.95217836
40,2,car,624,1016,473,674,392,201,0.9627743
41,2,car,630,1012,472,674,382,202,0.96728414
0,2,car,326,719,429,701,393,272,0.9897117
1,2,car,322,721,427,703,399,276,0.9812377
2,2,car,325,719,428,700,394,272,0.9882382
3,2,car,323,719,429,703,396,274,0.988157
4,2,car,328,717,428,701,389,273,0.9915404
5,2,car,326,719,430,705,393,275,0.98934734
6,2,car,326,718,429,701,392,272,0.9883674
7,2,car,327,717,429,702,390,273,0.9905357
8,2,car,320,723,429,702,403,273,0.9843905
9,2,car,324,720,428,704,396,276,0.98831075
10,2,car,323,720,426,704,397,278,0.99095935
11,2,car,328,717,429,701,389,272,0.9907223
12,2,car,324,721,428,702,397,274,0.986733
13,2,car,322,720,428,702,398,274,0.9825019
14,2,car,324,718,427,702,394,275,0.9852958
15,2,car,326,718,431,701,392,270,0.992501
16,2,car,327,718,429,704,391,275,0.98675
17,2,car,324,719,427,704,395,277,0.9907067
18,2,car,326,718,428,702,392,274,0.99181396
19,2,car,324,719,432,700,395,268,0.9904738
20,2,car,321,721,428,704,400,276,0.98718786
21,2,car,325,718,428,702,393,274,0.9883029
22,2,car,327,717,428,702,390,274,0.9918989
23,2,car,325,720,428,703,395,275,0.98668766
24,2,car,323,719,426,702,396,276,0.98796034
25,2,car,325,718,428,703,393,275,0.99132633
26,2,car,324,719,429,702,395,273,0.9903659
27,2,car,325,719,429,703,394,274,0.98990077
28,2,car,323,721,429,701,398,272,0.985675
29,2,car,325,718,428,703,393,275,0.9901317
30,2,car,324,719,429,706,395,277,0.9873691
31,2,car,323,719,428,705,396,277,0.98655796
32,2,car,324,720,428,703,396,275,0.99021494
33,2,car,324,720,429,702,396,273,0.9859858
34,2,car,322,721,429,704,399,275,0.986656
35,2,car,325,718,427,701,393,274,0.9920203
36,2,car,327,718,429,703,391,274,0.98843944
37,2,car,325,720,428,703,395,275,0.98450696
38,2,car,324,720,428,702,396,274,0.9842464
39,2,car,323,721,432,700,398,268,0.9822901
40,2,car,633,1015,474,672,382,198,0.95217836
41,2,car,624,1016,473,674,392,201,0.9627743
42,2,car,630,1012,472,674,382,202,0.96728414
0,2,car,323,720,427,705,397,278,0.9883987
1,2,car,326,719,429,701,393,272,0.9897117
2,2,car,322,721,427,703,399,276,0.9812377
3,2,car,325,719,428,700,394,272,0.9882382
4,2,car,323,719,429,703,396,274,0.988157
5,2,car,328,717,428,701,389,273,0.9915404
6,2,car,326,719,430,705,393,275,0.98934734
7,2,car,326,718,429,701,392,272,0.9883674
8,2,car,327,717,429,702,390,273,0.9905357
9,2,car,320,723,429,702,403,273,0.9843905
10,2,car,324,720,428,704,396,276,0.98831075
11,2,car,323,720,426,704,397,278,0.99095935
12,2,car,328,717,429,701,389,272,0.9907223
13,2,car,324,721,428,702,397,274,0.986733
14,2,car,322,720,428,702,398,274,0.9825019
15,2,car,324,718,427,702,394,275,0.9852958
16,2,car,326,718,431,701,392,270,0.992501
17,2,car,327,718,429,704,391,275,0.98675
18,2,car,324,719,427,704,395,277,0.9907067
19,2,car,326,718,428,702,392,274,0.99181396
20,2,car,324,719,432,700,395,268,0.9904738
21,2,car,321,721,428,704,400,276,0.98718786
22,2,car,325,718,428,702,393,274,0.9883029
23,2,car,327,717,428,702,390,274,0.9918989
24,2,car,325,720,428,703,395,275,0.98668766
25,2,car,323,719,426,702,396,276,0.98796034
26,2,car,325,718,428,703,393,275,0.99132633
27,2,car,324,719,429,702,395,273,0.9903659
28,2,car,325,719,429,703,394,274,0.98990077
29,2,car,323,721,429,701,398,272,0.985675
30,2,car,325,718,428,703,393,275,0.9901317
31,2,car,324,719,429,706,395,277,0.9873691
32,2,car,323,719,428,705,396,277,0.98655796
33,2,car,324,720,428,703,396,275,0.99021494
34,2,car,324,720,429,702,396,273,0.9859858
35,2,car,322,721,429,704,399,275,0.986656
36,2,car,325,718,427,701,393,274,0.9920203
37,2,car,327,718,429,703,391,274,0.98843944
38,2,car,325,720,428,703,395,275,0.98450696
39,2,car,324,720,428,702,396,274,0.9842464
40,2,car,323,721,432,700,398,268,0.9822901
41,2,car,633,1015,474,672,382,198,0.95217836
42,2,car,624,1016,473,674,392,201,0.9627743
43,2,car,630,1012,472,674,382,202,0.96728414
0,2,car,326,719,428,704,393,276,0.99222857
1,2,car,323,720,427,705,397,278,0.9883987
2,2,car,326,719,429,701,393,272,0.9897117
3,2,car,322,721,427,703,399,276,0.9812377
4,2,car,325,719,428,700,394,272,0.9882382
5,2,car,323,719,429,703,396,274,0.988157
6,2,car,328,717,428,701,389,273,0.9915404
7,2,car,326,719,430,705,393,275,0.98934734
8,2,car,326,718,429,701,392,272,0.9883674
9,2,car,327,717,429,702,390,273,0.9905357
10,2,car,320,723,429,702,403,273,0.9843905
11,2,car,324,720,428,704,396,276,0.98831075
12,2,car,323,720,426,704,397,278,0.99095935
13,2,car,328,717,429,701,389,272,0.9907223
14,2,car,324,721,428,702,397,274,0.986733
15,2,car,322,720,428,702,398,274,0.9825019
16,2,car,324,718,427,702,394,275,0.9852958
17,2,car,326,718,431,701,392,270,0.992501
18,2,car,327,718,429,704,391,275,0.98675
19,2,car,324,719,427,704,395,277,0.9907067
20,2,car,326,718,428,702,392,274,0.99181396
21,2,car,324,719,432,700,395,268,0.9904738
22,2,car,321,721,428,704,400,276,0.98718786
23,2,car,325,718,428,702,393,274,0.9883029
24,2,car,327,717,428,702,390,274,0.9918989
25,2,car,325,720,428,703,395,275,0.98668766
26,2,car,323,719,426,702,396,276,0.98796034
27,2,car,325,718,428,703,393,275,0.99132633
28,2,car,324,719,429,702,395,273,0.9903659
29,2,car,325,719,429,703,394,274,0.98990077
30,2,car,323,721,429,701,398,272,0.985675
31,2,car,325,718,428,703,393,275,0.9901317
32,2,car,324,719,429,706,395,277,0.9873691
33,2,car,323,719,428,705,396,277,0.98655796
34,2,car,324,720,428,703,396,275,0.99021494
35,2,car,324,720,429,702,396,273,0.9859858
36,2,car,322,721,429,704,399,275,0.986656
37,2,car,325,718,427,701,393,274,0.9920203
38,2,car,327,718,429,703,391,274,0.98843944
39,2,car,325,720,428,703,395,275,0.98450696
40,2,car,324,720,428,702,396,274,0.9842464
41,2,car,323,721,432,700,398,268,0.9822901
42,2,car,633,1015,474,672,382,198,0.95217836
43,2,car,624,1016,473,674,392,201,0.9627743
44,2,car,630,1012,472,674,382,202,0.96728414
0,2,car,326,719,428,700,393,272,0.99097544
1,2,car,326,719,428,704,393,276,0.99222857
2,2,car,323,720,427,705,397,278,0.9883987
3,2,car,326,719,429,701,393,272,0.9897117
4,2,car,322,721,427,703,399,276,0.9812377
5,2,car,325,719,428,700,394,272,0.9882382
6,2,car,323,719,429,703,396,274,0.988157
7,2,car,328,717,428,701,389,273,0.9915404
8,2,car,326,719,430,705,393,275,0.98934734
9,2,car,326,718,429,701,392,272,0.9883674
10,2,car,327,717,429,702,390,273,0.9905357
11,2,car,320,723,429,702,403,273,0.9843905
12,2,car,324,720,428,704,396,276,0.98831075
13,2,car,323,720,426,704,397,278,0.99095935
14,2,car,328,717,429,701,389,272,0.9907223
15,2,car,324,721,428,702,397,274,0.986733
16,2,car,322,720,428,702,398,274,0.9825019
17,2,car,324,718,427,702,394,275,0.9852958
18,2,car,326,718,431,701,392,270,0.992501
19,2,car,327,718,429,704,391,275,0.98675
20,2,car,324,719,427,704,395,277,0.9907067
21,2,car,326,718,428,702,392,274,0.99181396
22,2,car,324,719,432,700,395,268,0.9904738
23,2,car,321,721,428,704,400,276,0.98718786
24,2,car,325,718,428,702,393,274,0.9883029
25,2,car,327,717,428,702,390,274,0.9918989
26,2,car,325,720,428,703,395,275,0.98668766
27,2,car,323,719,426,702,396,276,0.98796034
28,2,car,325,718,428,703,393,275,0.99132633
29,2,car,324,719,429,702,395,273,0.9903659
30,2,car,325,719,429,703,394,274,0.98990077
31,2,car,323,721,429,701,398,272,0.985675
32,2,car,325,718,428,703,393,275,0.9901317
33,2,car,324,719,429,706,395,277,0.9873691
34,2,car,323,719,428,705,396,277,0.98655796
35,2,car,324,720,428,703,396,275,0.99021494
36,2,car,324,720,429,702,396,273,0.9859858
37,2,car,322,721,429,704,399,275,0.986656
38,2,car,325,718,427,701,393,274,0.9920203
39,2,car,327,718,429,703,391,274,0.98843944
40,2,car,325,720,428,703,395,275,0.98450696
41,2,car,324,720,428,702,396,274,0.9842464
42,2,car,323,721,432,700,398,268,0.9822901
43,2,car,633,1015,474,672,382,198,0.95217836
44,2,car,624,1016,473,674,392,201,0.9627743
45,2,car,630,1012,472,674,382,202,0.96728414
0,2,car,326,719,429,703,393,274,0.98954403
1,2,car,326,719,428,700,393,272,0.99097544
2,2,car,326,719,428,704,393,276,0.99222857
3,2,car,323,720,427,705,397,278,0.9883987
4,2,car,326,719,429,701,393,272,0.9897117
5,2,car,322,721,427,703,399,276,0.9812377
6,2,car,325,719,428,700,394,272,0.9882382
7,2,car,323,719,429,703,396,274,0.988157
8,2,car,328,717,428,701,389,273,0.9915404
9,2,car,326,719,430,705,393,275,0.98934734
10,2,car,326,718,429,701,392,272,0.9883674
11,2,car,327,717,429,702,390,273,0.9905357
12,2,car,320,723,429,702,403,273,0.9843905
13,2,car,324,720,428,704,396,276,0.98831075
14,2,car,323,720,426,704,397,278,0.99095935
15,2,car,328,717,429,701,389,272,0.9907223
16,2,car,324,721,428,702,397,274,0.986733
17,2,car,322,720,428,702,398,274,0.9825019
18,2,car,324,718,427,702,394,275,0.9852958
19,2,car,326,718,431,701,392,270,0.992501
20,2,car,327,718,429,704,391,275,0.98675
21,2,car,324,719,427,704,395,277,0.9907067
22,2,car,326,718,428,702,392,274,0.99181396
23,2,car,324,719,432,700,395,268,0.9904738
24,2,car,321,721,428,704,400,276,0.98718786
25,2,car,325,718,428,702,393,274,0.9883029
26,2,car,327,717,428,702,390,274,0.9918989
27,2,car,325,720,428,703,395,275,0.98668766
28,2,car,323,719,426,702,396,276,0.98796034
29,2,car,325,718,428,703,393,275,0.99132633
30,2,car,324,719,429,702,395,273,0.9903659
31,2,car,325,719,429,703,394,274,0.98990077
32,2,car,323,721,429,701,398,272,0.985675
33,2,car,325,718,428,703,393,275,0.9901317
34,2,car,324,719,429,706,395,277,0.9873691
35,2,car,323,719,428,705,396,277,0.98655796
36,2,car,324,720,428,703,396,275,0.99021494
37,2,car,324,720,429,702,396,273,0.9859858
38,2,car,322,721,429,704,399,275,0.986656
39,2,car,325,718,427,701,393,274,0.9920203
40,2,car,327,718,429,703,391,274,0.98843944
41,2,car,325,720,428,703,395,275,0.98450696
42,2,car,324,720,428,702,396,274,0.9842464
43,2,car,323,721,432,700,398,268,0.9822901
44,2,car,633,1015,474,672,382,198,0.95217836
45,2,car,624,1016,473,674,392,201,0.9627743
46,2,car,630,1012,472,674,382,202,0.96728414
0,2,car,323,722,428,703,399,275,0.9861936
1,2,car,326,719,429,703,393,274,0.98954403
2,2,car,326,719,428,700,393,272,0.99097544
3,2,car,326,719,428,704,393,276,0.99222857
4,2,car,323,720,427,705,397,278,0.9883987
5,2,car,326,719,429,701,393,272,0.9897117
6,2,car,322,721,427,703,399,276,0.9812377
7,2,car,325,719,428,700,394,272,0.9882382
8,2,car,323,719,429,703,396,274,0.988157
9,2,car,328,717,428,701,389,273,0.9915404
10,2,car,326,719,430,705,393,275,0.98934734
11,2,car,326,718,429,701,392,272,0.9883674
12,2,car,327,717,429,702,390,273,0.9905357
13,2,car,320,723,429,702,403,273,0.9843905
14,2,car,324,720,428,704,396,276,0.98831075
15,2,car,323,720,426,704,397,278,0.99095935
16,2,car,328,717,429,701,389,272,0.9907223
17,2,car,324,721,428,702,397,274,0.986733
18,2,car,322,720,428,702,398,274,0.9825019
19,2,car,324,718,427,702,394,275,0.9852958
20,2,car,326,718,431,701,392,270,0.992501
21,2,car,327,718,429,704,391,275,0.98675
22,2,car,324,719,427,704,395,277,0.9907067
23,2,car,326,718,428,702,392,274,0.99181396
24,2,car,324,719,432,700,395,268,0.9904738
25,2,car,321,721,428,704,400,276,0.98718786
26,2,car,325,718,428,702,393,274,0.9883029
27,2,car,327,717,428,702,390,274,0.9918989
28,2,car,325,720,428,703,395,275,0.98668766
29,2,car,323,719,426,702,396,276,0.98796034
30,2,car,325,718,428,703,393,275,0.99132633
31,2,car,324,719,429,702,395,273,0.9903659
32,2,car,325,719,429,703,394,274,0.98990077
33,2,car,323,721,429,701,398,272,0.985675
34,2,car,325,718,428,703,393,275,0.9901317
35,2,car,324,719,429,706,395,277,0.9873691
36,2,car,323,719,428,705,396,277,0.98655796
37,2,car,324,720,428,703,396,275,0.99021494
38,2,car,324,720,429,702,396,273,0.9859858
39,2,car,322,721,429,704,399,275,0.986656
40,2,car,325,718,427,701,393,274,0.9920203
41,2,car,327,718,429,703,391,274,0.98843944
42,2,car,325,720,428,703,395,275,0.98450696
43,2,car,324,720,428,702,396,274,0.9842464
44,2,car,323,721,432,700,398,268,0.9822901
45,2,car,633,1015,474,672,382,198,0.95217836
46,2,car,624,1016,473,674,392,201,0.9627743
47,2,car,630,1012,472,674,382,202,0.96728414
0,2,car,321,721,428,704,400,276,0.9860093
1,2,car,323,722,428,703,399,275,0.9861936
2,2,car,326,719,429,703,393,274,0.98954403
3,2,car,326,719,428,700,393,272,0.99097544
4,2,car,326,719,428,704,393,276,0.99222857
5,2,car,323,720,427,705,397,278,0.9883987
6,2,car,326,719,429,701,393,272,0.9897117
7,2,car,322,721,427,703,399,276,0.9812377
8,2,car,325,719,428,700,394,272,0.9882382
9,2,car,323,719,429,703,396,274,0.988157
10,2,car,328,717,428,701,389,273,0.9915404
11,2,car,326,719,430,705,393,275,0.98934734
12,2,car,326,718,429,701,392,272,0.9883674
13,2,car,327,717,429,702,390,273,0.9905357
14,2,car,320,723,429,702,403,273,0.9843905
15,2,car,324,720,428,704,396,276,0.98831075
16,2,car,323,720,426,704,397,278,0.99095935
17,2,car,328,717,429,701,389,272,0.9907223
18,2,car,324,721,428,702,397,274,0.986733
19,2,car,322,720,428,702,398,274,0.9825019
20,2,car,324,718,427,702,394,275,0.9852958
21,2,car,326,718,431,701,392,270,0.992501
22,2,car,327,718,429,704,391,275,0.98675
23,2,car,324,719,427,704,395,277,0.9907067
24,2,car,326,718,428,702,392,274,0.99181396
25,2,car,324,719,432,700,395,268,0.9904738
26,2,car,321,721,428,704,400,276,0.98718786
27,2,car,325,718,428,702,393,274,0.9883029
28,2,car,327,717,428,702,390,274,0.9918989
29,2,car,325,720,428,703,395,275,0.98668766
30,2,car,323,719,426,702,396,276,0.98796034
31,2,car,325,718,428,703,393,275,0.99132633
32,2,car,324,719,429,702,395,273,0.9903659
33,2,car,325,719,429,703,394,274,0.98990077
34,2,car,323,721,429,701,398,272,0.985675
35,2,car,325,718,428,703,393,275,0.9901317
36,2,car,324,719,429,706,395,277,0.9873691
37,2,car,323,719,428,705,396,277,0.98655796
38,2,car,324,720,428,703,396,275,0.99021494
39,2,car,324,720,429,702,396,273,0.9859858
40,2,car,322,721,429,704,399,275,0.986656
41,2,car,325,718,427,701,393,274,0.9920203
42,2,car,327,718,429,703,391,274,0.98843944
43,2,car,325,720,428,703,395,275,0.98450696
44,2,car,324,720,428,702,396,274,0.9842464
45,2,car,323,721,432,700,398,268,0.9822901
46,2,car,633,1015,474,672,382,198,0.95217836
47,2,car,624,1016,473,674,392,201,0.9627743
48,2,car,630,1012,472,674,382,202,0.96728414
0,2,car,326,717,430,701,391,271,0.9897169
1,2,car,321,721,428,704,400,276,0.9860093
2,2,car,323,722,428,703,399,275,0.9861936
3,2,car,326,719,429,703,393,274,0.98954403
4,2,car,326,719,428,700,393,272,0.99097544
5,2,car,326,719,428,704,393,276,0.99222857
6,2,car,323,720,427,705,397,278,0.9883987
7,2,car,326,719,429,701,393,272,0.9897117
8,2,car,322,721,427,703,399,276,0.9812377
9,2,car,325,719,428,700,394,272,0.9882382
10,2,car,323,719,429,703,396,274,0.988157
11,2,car,328,717,428,701,389,273,0.9915404
12,2,car,326,719,430,705,393,275,0.98934734
13,2,car,326,718,429,701,392,272,0.9883674
14,2,car,327,717,429,702,390,273,0.9905357
15,2,car,320,723,429,702,403,273,0.9843905
16,2,car,324,720,428,704,396,276,0.98831075
17,2,car,323,720,426,704,397,278,0.99095935
18,2,car,328,717,429,701,389,272,0.9907223
19,2,car,324,721,428,702,397,274,0.986733
20,2,car,322,720,428,702,398,274,0.9825019
21,2,car,324,718,427,702,394,275,0.9852958
22,2,car,326,718,431,701,392,270,0.992501
23,2,car,327,718,429,704,391,275,0.98675
24,2,car,324,719,427,704,395,277,0.9907067
25,2,car,326,718,428,702,392,274,0.99181396
26,2,car,324,719,432,700,395,268,0.9904738
27,2,car,321,721,428,704,400,276,0.98718786
28,2,car,325,718,428,702,393,274,0.9883029
29,2,car,327,717,428,702,390,274,0.9918989
30,2,car,325,720,428,703,395,275,0.98668766
31,2,car,323,719,426,702,396,276,0.98796034
32,2,car,325,718,428,703,393,275,0.99132633
33,2,car,324,719,429,702,395,273,0.9903659
34,2,car,325,719,429,703,394,274,0.98990077
35,2,car,323,721,429,701,398,272,0.985675
36,2,car,325,718,428,703,393,275,0.9901317
37,2,car,324,719,429,706,395,277,0.9873691
38,2,car,323,719,428,705,396,277,0.98655796
39,2,car,324,720,428,703,396,275,0.99021494
40,2,car,324,720,429,702,396,273,0.9859858
41,2,car,322,721,429,704,399,275,0.986656
42,2,car,325,718,427,701,393,274,0.9920203
43,2,car,327,718,429,703,391,274,0.98843944
44,2,car,325,720,428,703,395,275,0.98450696
45,2,car,324,720,428,702,396,274,0.9842464
46,2,car,323,721,432,700,398,268,0.9822901
47,2,car,633,1015,474,672,382,198,0.95217836
48,2,car,624,1016,473,674,392,201,0.9627743
49,2,car,630,1012,472,674,382,202,0.96728414
0,2,car,322,722,430,701,400,271,0.985128
1,2,car,326,717,430,701,391,271,0.9897169
2,2,car,321,721,428,704,400,276,0.9860093
3,2,car,323,722,428,703,399,275,0.9861936
4,2,car,326,719,429,703,393,274,0.98954403
5,2,car,326,719,428,700,393,272,0.99097544
6,2,car,326,719,428,704,393,276,0.99222857
7,2,car,323,720,427,705,397,278,0.9883987
8,2,car,326,719,429,701,393,272,0.9897117
9,2,car,322,721,427,703,399,276,0.9812377
10,2,car,325,719,428,700,394,272,0.9882382
11,2,car,323,719,429,703,396,274,0.988157
12,2,car,328,717,428,701,389,273,0.9915404
13,2,car,326,719,430,705,393,275,0.98934734
14,2,car,326,718,429,701,392,272,0.9883674
15,2,car,327,717,429,702,390,273,0.9905357
16,2,car,320,723,429,702,403,273,0.9843905
17,2,car,324,720,428,704,396,276,0.98831075
18,2,car,323,720,426,704,397,278,0.99095935
19,2,car,328,717,429,701,389,272,0.9907223
20,2,car,324,721,428,702,397,274,0.986733
21,2,car,322,720,428,702,398,274,0.9825019
22,2,car,324,718,427,702,394,275,0.9852958
23,2,car,326,718,431,701,392,270,0.992501
24,2,car,327,718,429,704,391,275,0.98675
25,2,car,324,719,427,704,395,277,0.9907067
26,2,car,326,718,428,702,392,274,0.99181396
27,2,car,324,719,432,700,395,268,0.9904738
28,2,car,321,721,428,704,400,276,0.98718786
29,2,car,325,718,428,702,393,274,0.9883029
30,2,car,327,717,428,702,390,274,0.9918989
31,2,car,325,720,428,703,395,275,0.98668766
32,2,car,323,719,426,702,396,276,0.98796034
33,2,car,325,718,428,703,393,275,0.99132633
34,2,car,324,719,429,702,395,273,0.9903659
35,2,car,325,719,429,703,394,274,0.98990077
36,2,car,323,721,429,701,398,272,0.985675
37,2,car,325,718,428,703,393,275,0.9901317
38,2,car,324,719,429,706,395,277,0.9873691
39,2,car,323,719,428,705,396,277,0.98655796
40,2,car,324,720,428,703,396,275,0.99021494
41,2,car,324,720,429,702,396,273,0.9859858
42,2,car,322,721,429,704,399,275,0.986656
43,2,car,325,718,427,701,393,274,0.9920203
44,2,car,327,718,429,703,391,274,0.98843944
45,2,car,325,720,428,703,395,275,0.98450696
46,2,car,324,720,428,702,396,274,0.9842464
47,2,car,323,721,432,700,398,268,0.9822901
48,2,car,633,1015,474,672,382,198,0.95217836
49,2,car,624,1016,473,674,392,201,0.9627743
50,2,car,630,1012,472,674,382,202,0.96728414
0,2,car,322,720,426,704,398,278,0.9875315
1,2,car,322,722,430,701,400,271,0.985128
2,2,car,326,717,430,701,391,271,0.9897169
3,2,car,321,721,428,704,400,276,0.9860093
4,2,car,323,722,428,703,399,275,0.9861936
5,2,car,326,719,429,703,393,274,0.98954403
6,2,car,326,719,428,700,393,272,0.99097544
7,2,car,326,719,428,704,393,276,0.99222857
8,2,car,323,720,427,705,397,278,0.9883987
9,2,car,326,719,429,701,393,272,0.9897117
10,2,car,322,721,427,703,399,276,0.9812377
11,2,car,325,719,428,700,394,272,0.9882382
12,2,car,323,719,429,703,396,274,0.988157
13,2,car,328,717,428,701,389,273,0.9915404
14,2,car,326,719,430,705,393,275,0.98934734
15,2,car,326,718,429,701,392,272,0.9883674
16,2,car,327,717,429,702,390,273,0.9905357
17,2,car,320,723,429,702,403,273,0.9843905
18,2,car,324,720,428,704,396,276,0.98831075
19,2,car,323,720,426,704,397,278,0.99095935
20,2,car,328,717,429,701,389,272,0.9907223
21,2,car,324,721,428,702,397,274,0.986733
22,2,car,322,720,428,702,398,274,0.9825019
23,2,car,324,718,427,702,394,275,0.9852958
24,2,car,326,718,431,701,392,270,0.992501
25,2,car,327,718,429,704,391,275,0.98675
26,2,car,324,719,427,704,395,277,0.9907067
27,2,car,326,718,428,702,392,274,0.99181396
28,2,car,324,719,432,700,395,268,0.9904738
29,2,car,321,721,428,704,400,276,0.98718786
30,2,car,325,718,428,702,393,274,0.9883029
31,2,car,327,717,428,702,390,274,0.9918989
32,2,car,325,720,428,703,395,275,0.98668766
33,2,car,323,719,426,702,396,276,0.98796034
34,2,car,325,718,428,703,393,275,0.99132633
35,2,car,324,719,429,702,395,273,0.9903659
36,2,car,325,719,429,703,394,274,0.98990077
37,2,car,323,721,429,701,398,272,0.985675
38,2,car,325,718,428,703,393,275,0.9901317
39,2,car,324,719,429,706,395,277,0.9873691
40,2,car,323,719,428,705,396,277,0.98655796
41,2,car,324,720,428,703,396,275,0.99021494
42,2,car,324,720,429,702,396,273,0.9859858
43,2,car,322,721,429,704,399,275,0.986656
44,2,car,325,718,427,701,393,274,0.9920203
45,2,car,327,718,429,703,391,274,0.98843944
46,2,car,325,720,428,703,395,275,0.98450696
47,2,car,324,720,428,702,396,274,0.9842464
48,2,car,323,721,432,700,398,268,0.9822901
49,2,car,633,1015,474,672,382,198,0.95217836
50,2,car,624,1016,473,674,392,201,0.9627743
51,2,car,630,1012,472,674,382,202,0.96728414
0,2,car,326,719,430,703,393,273,0.9875836
1,2,car,322,720,426,704,398,278,0.9875315
2,2,car,322,722,430,701,400,271,0.985128
3,2,car,326,717,430,701,391,271,0.9897169
4,2,car,321,721,428,704,400,276,0.9860093
5,2,car,323,722,428,703,399,275,0.9861936
6,2,car,326,719,429,703,393,274,0.98954403
7,2,car,326,719,428,700,393,272,0.99097544
8,2,car,326,719,428,704,393,276,0.99222857
9,2,car,323,720,427,705,397,278,0.9883987
10,2,car,326,719,429,701,393,272,0.9897117
11,2,car,322,721,427,703,399,276,0.9812377
12,2,car,325,719,428,700,394,272,0.9882382
13,2,car,323,719,429,703,396,274,0.988157
14,2,car,328,717,428,701,389,273,0.9915404
15,2,car,326,719,430,705,393,275,0.98934734
16,2,car,326,718,429,701,392,272,0.9883674
17,2,car,327,717,429,702,390,273,0.9905357
18,2,car,320,723,429,702,403,273,0.9843905
19,2,car,324,720,428,704,396,276,0.98831075
20,2,car,323,720,426,704,397,278,0.99095935
21,2,car,328,717,429,701,389,272,0.9907223
22,2,car,324,721,428,702,397,274,0.986733
23,2,car,322,720,428,702,398,274,0.9825019
24,2,car,324,718,427,702,394,275,0.9852958
25,2,car,326,718,431,701,392,270,0.992501
26,2,car,327,718,429,704,391,275,0.98675
27,2,car,324,719,427,704,395,277,0.9907067
28,2,car,326,718,428,702,392,274,0.99181396
29,2,car,324,719,432,700,395,268,0.9904738
30,2,car,321,721,428,704,400,276,0.98718786
31,2,car,325,718,428,702,393,274,0.9883029
32,2,car,327,717,428,702,390,274,0.9918989
33,2,car,325,720,428,703,395,275,0.98668766
34,2,car,323,719,426,702,396,276,0.98796034
35,2,car,325,718,428,703,393,275,0.99132633
36,2,car,324,719,429,702,395,273,0.9903659
37,2,car,325,719,429,703,394,274,0.98990077
38,2,car,323,721,429,701,398,272,0.985675
39,2,car,325,718,428,703,393,275,0.9901317
40,2,car,324,719,429,706,395,277,0.9873691
41,2,car,323,719,428,705,396,277,0.98655796
42,2,car,324,720,428,703,396,275,0.99021494
43,2,car,324,720,429,702,396,273,0.9859858
44,2,car,322,721,429,704,399,275,0.986656
45,2,car,325,718,427,701,393,274,0.9920203
46,2,car,327,718,429,703,391,274,0.98843944
47,2,car,325,720,428,703,395,275,0.98450696
48,2,car,324,720,428,702,396,274,0.9842464
49,2,car,323,721,432,700,398,268,0.9822901
50,2,car,633,1015,474,672,382,198,0.95217836
51,2,car,624,1016,473,674,392,201,0.9627743
52,2,car,630,1012,472,674,382,202,0.96728414
0,2,car,326,717,430,703,391,273,0.98834044
1,2,car,326,719,430,703,393,273,0.9875836
2,2,car,322,720,426,704,398,278,0.9875315
3,2,car,322,722,430,701,400,271,0.985128
4,2,car,326,717,430,701,391,271,0.9897169
5,2,car,321,721,428,704,400,276,0.9860093
6,2,car,323,722,428,703,399,275,0.9861936
7,2,car,326,719,429,703,393,274,0.98954403
8,2,car,326,719,428,700,393,272,0.99097544
9,2,car,326,719,428,704,393,276,0.99222857
10,2,car,323,720,427,705,397,278,0.9883987
11,2,car,326,719,429,701,393,272,0.9897117
12,2,car,322,721,427,703,399,276,0.9812377
13,2,car,325,719,428,700,394,272,0.9882382
14,2,car,323,719,429,703,396,274,0.988157
15,2,car,328,717,428,701,389,273,0.9915404
16,2,car,326,719,430,705,393,275,0.98934734
17,2,car,326,718,429,701,392,272,0.9883674
18,2,car,327,717,429,702,390,273,0.9905357
19,2,car,320,723,429,702,403,273,0.9843905
20,2,car,324,720,428,704,396,276,0.98831075
21,2,car,323,720,426,704,397,278,0.99095935
22,2,car,328,717,429,701,389,272,0.9907223
23,2,car,324,721,428,702,397,274,0.986733
24,2,car,322,720,428,702,398,274,0.9825019
25,2,car,324,718,427,702,394,275,0.9852958
26,2,car,326,718,431,701,392,270,0.992501
27,2,car,327,718,429,704,391,275,0.98675
28,2,car,324,719,427,704,395,277,0.9907067
29,2,car,326,718,428,702,392,274,0.99181396
30,2,car,324,719,432,700,395,268,0.9904738
31,2,car,321,721,428,704,400,276,0.98718786
32,2,car,325,718,428,702,393,274,0.9883029
33,2,car,327,717,428,702,390,274,0.9918989
34,2,car,325,720,428,703,395,275,0.98668766
35,2,car,323,719,426,702,396,276,0.98796034
36,2,car,325,718,428,703,393,275,0.99132633
37,2,car,324,719,429,702,395,273,0.9903659
38,2,car,325,719,429,703,394,274,0.98990077
39,2,car,323,721,429,701,398,272,0.985675
40,2,car,325,718,428,703,393,275,0.9901317
41,2,car,324,719,429,706,395,277,0.9873691
42,2,car,323,719,428,705,396,277,0.98655796
43,2,car,324,720,428,703,396,275,0.99021494
44,2,car,324,720,429,702,396,273,0.9859858
45,2,car,322,721,429,704,399,275,0.986656
46,2,car,325,718,427,701,393,274,0.9920203
47,2,car,327,718,429,703,391,274,0.98843944
48,2,car,325,720,428,703,395,275,0.98450696
49,2,car,324,720,428,702,396,274,0.9842464
50,2,car,323,721,432,700,398,268,0.9822901
51,2,car,633,1015,474,672,382,198,0.95217836
52,2,car,624,1016,473,674,392,201,0.9627743
53,2,car,630,1012,472,674,382,202,0.96728414
0,2,car,321,721,429,704,400,275,0.9880506
1,2,car,326,717,430,703,391,273,0.98834044
2,2,car,326,719,430,703,393,273,0.9875836
3,2,car,322,720,426,704,398,278,0.9875315
4,2,car,322,722,430,701,400,271,0.985128
5,2,car,326,717,430,701,391,271,0.9897169
6,2,car,321,721,428,704,400,276,0.9860093
7,2,car,323,722,428,703,399,275,0.9861936
8,2,car,326,719,429,703,393,274,0.98954403
9,2,car,326,719,428,700,393,272,0.99097544
10,2,car,326,719,428,704,393,276,0.99222857
11,2,car,323,720,427,705,397,278,0.9883987
12,2,car,326,719,429,701,393,272,0.9897117
13,2,car,322,721,427,703,399,276,0.9812377
14,2,car,325,719,428,700,394,272,0.9882382
15,2,car,323,719,429,703,396,274,0.988157
16,2,car,328,717,428,701,389,273,0.9915404
17,2,car,326,719,430,705,393,275,0.98934734
18,2,car,326,718,429,701,392,272,0.9883674
19,2,car,327,717,429,702,390,273,0.9905357
20,2,car,320,723,429,702,403,273,0.9843905
21,2,car,324,720,428,704,396,276,0.98831075
22,2,car,323,720,426,704,397,278,0.99095935
23,2,car,328,717,429,701,389,272,0.9907223
24,2,car,324,721,428,702,397,274,0.986733
25,2,car,322,720,428,702,398,274,0.9825019
26,2,car,324,718,427,702,394,275,0.9852958
27,2,car,326,718,431,701,392,270,0.992501
28,2,car,327,718,429,704,391,275,0.98675
29,2,car,324,719,427,704,395,277,0.9907067
30,2,car,326,718,428,702,392,274,0.99181396
31,2,car,324,719,432,700,395,268,0.9904738
32,2,car,321,721,428,704,400,276,0.98718786
33,2,car,325,718,428,702,393,274,0.9883029
34,2,car,327,717,428,702,390,274,0.9918989
35,2,car,325,720,428,703,395,275,0.98668766
36,2,car,323,719,426,702,396,276,0.98796034
37,2,car,325,718,428,703,393,275,0.99132633
38,2,car,324,719,429,702,395,273,0.9903659
39,2,car,325,719,429,703,394,274,0.98990077
40,2,car,323,721,429,701,398,272,0.985675
41,2,car,325,718,428,703,393,275,0.9901317
42,2,car,324,719,429,706,395,277,0.9873691
43,2,car,323,719,428,705,396,277,0.98655796
44,2,car,324,720,428,703,396,275,0.99021494
45,2,car,324,720,429,702,396,273,0.9859858
46,2,car,322,721,429,704,399,275,0.986656
47,2,car,325,718,427,701,393,274,0.9920203
48,2,car,327,718,429,703,391,274,0.98843944
49,2,car,325,720,428,703,395,275,0.98450696
50,2,car,324,720,428,702,396,274,0.9842464
51,2,car,323,721,432,700,398,268,0.9822901
52,2,car,633,1015,474,672,382,198,0.95217836
53,2,car,624,1016,473,674,392,201,0.9627743
54,2,car,630,1012,472,674,382,202,0.96728414
0,2,car,325,718,427,701,393,274,0.9908277
1,2,car,321,721,429,704,400,275,0.9880506
2,2,car,326,717,430,703,391,273,0.98834044
3,2,car,326,719,430,703,393,273,0.9875836
4,2,car,322,720,426,704,398,278,0.9875315
5,2,car,322,722,430,701,400,271,0.985128
6,2,car,326,717,430,701,391,271,0.9897169
7,2,car,321,721,428,704,400,276,0.9860093
8,2,car,323,722,428,703,399,275,0.9861936
9,2,car,326,719,429,703,393,274,0.98954403
10,2,car,326,719,428,700,393,272,0.99097544
11,2,car,326,719,428,704,393,276,0.99222857
12,2,car,323,720,427,705,397,278,0.9883987
13,2,car,326,719,429,701,393,272,0.9897117
14,2,car,322,721,427,703,399,276,0.9812377
15,2,car,325,719,428,700,394,272,0.9882382
16,2,car,323,719,429,703,396,274,0.988157
17,2,car,328,717,428,701,389,273,0.9915404
18,2,car,326,719,430,705,393,275,0.98934734
19,2,car,326,718,429,701,392,272,0.9883674
20,2,car,327,717,429,702,390,273,0.9905357
21,2,car,320,723,429,702,403,273,0.9843905
22,2,car,324,720,428,704,396,276,0.98831075
23,2,car,323,720,426,704,397,278,0.99095935
24,2,car,328,717,429,701,389,272,0.9907223
25,2,car,324,721,428,702,397,274,0.986733
26,2,car,322,720,428,702,398,274,0.9825019
27,2,car,324,718,427,702,394,275,0.9852958
28,2,car,326,718,431,701,392,270,0.992501
29,2,car,327,718,429,704,391,275,0.98675
30,2,car,324,719,427,704,395,277,0.9907067
31,2,car,326,718,428,702,392,274,0.99181396
32,2,car,324,719,432,700,395,268,0.9904738
33,2,car,321,721,428,704,400,276,0.98718786
34,2,car,325,718,428,702,393,274,0.9883029
35,2,car,327,717,428,702,390,274,0.9918989
36,2,car,325,720,428,703,395,275,0.98668766
37,2,car,323,719,426,702,396,276,0.98796034
38,2,car,325,718,428,703,393,275,0.99132633
39,2,car,324,719,429,702,395,273,0.9903659
40,2,car,325,719,429,703,394,274,0.98990077
41,2,car,323,721,429,701,398,272,0.985675
42,2,car,325,718,428,703,393,275,0.9901317
43,2,car,324,719,429,706,395,277,0.9873691
44,2,car,323,719,428,705,396,277,0.98655796
45,2,car,324,720,428,703,396,275,0.99021494
46,2,car,324,720,429,702,396,273,0.9859858
47,2,car,322,721,429,704,399,275,0.986656
48,2,car,325,718,427,701,393,274,0.9920203
49,2,car,327,718,429,703,391,274,0.98843944
50,2,car,325,720,428,703,395,275,0.98450696
51,2,car,324,720,428,702,396,274,0.9842464
52,2,car,323,721,432,700,398,268,0.9822901
53,2,car,633,1015,474,672,382,198,0.95217836
54,2,car,624,1016,473,674,392,201,0.9627743
55,2,car,630,1012,472,674,382,202,0.96728414
0,2,car,326,719,432,703,393,271,0.9850154
1,2,car,325,718,427,701,393,274,0.9908277
2,2,car,321,721,429,704,400,275,0.9880506
3,2,car,326,717,430,703,391,273,0.98834044
4,2,car,326,719,430,703,393,273,0.9875836
5,2,car,322,720,426,704,398,278,0.9875315
6,2,car,322,722,430,701,400,271,0.985128
7,2,car,326,717,430,701,391,271,0.9897169
8,2,car,321,721,428,704,400,276,0.9860093
9,2,car,323,722,428,703,399,275,0.9861936
10,2,car,326,719,429,703,393,274,0.98954403
11,2,car,326,719,428,700,393,272,0.99097544
12,2,car,326,719,428,704,393,276,0.99222857
13,2,car,323,720,427,705,397,278,0.9883987
14,2,car,326,719,429,701,393,272,0.9897117
15,2,car,322,721,427,703,399,276,0.9812377
16,2,car,325,719,428,700,394,272,0.9882382
17,2,car,323,719,429,703,396,274,0.988157
18,2,car,328,717,428,701,389,273,0.9915404
19,2,car,326,719,430,705,393,275,0.98934734
20,2,car,326,718,429,701,392,272,0.9883674
21,2,car,327,717,429,702,390,273,0.9905357
22,2,car,320,723,429,702,403,273,0.9843905
23,2,car,324,720,428,704,396,276,0.98831075
24,2,car,323,720,426,704,397,278,0.99095935
25,2,car,328,717,429,701,389,272,0.9907223
26,2,car,324,721,428,702,397,274,0.986733
27,2,car,322,720,428,702,398,274,0.9825019
28,2,car,324,718,427,702,394,275,0.9852958
29,2,car,326,718,431,701,392,270,0.992501
30,2,car,327,718,429,704,391,275,0.98675
31,2,car,324,719,427,704,395,277,0.9907067
32,2,car,326,718,428,702,392,274,0.99181396
33,2,car,324,719,432,700,395,268,0.9904738
34,2,car,321,721,428,704,400,276,0.98718786
35,2,car,325,718,428,702,393,274,0.9883029
36,2,car,327,717,428,702,390,274,0.9918989
37,2,car,325,720,428,703,395,275,0.98668766
38,2,car,323,719,426,702,396,276,0.98796034
39,2,car,325,718,428,703,393,275,0.99132633
40,2,car,324,719,429,702,395,273,0.9903659
41,2,car,325,719,429,703,394,274,0.98990077
42,2,car,323,721,429,701,398,272,0.985675
43,2,car,325,718,428,703,393,275,0.9901317
44,2,car,324,719,429,706,395,277,0.9873691
45,2,car,323,719,428,705,396,277,0.98655796
46,2,car,324,720,428,703,396,275,0.99021494
47,2,car,324,720,429,702,396,273,0.9859858
48,2,car,322,721,429,704,399,275,0.986656
49,2,car,325,718,427,701,393,274,0.9920203
50,2,car,327,718,429,703,391,274,0.98843944
51,2,car,325,720,428,703,395,275,0.98450696
52,2,car,324,720,428,702,396,274,0.9842464
53,2,car,323,721,432,700,398,268,0.9822901
54,2,car,633,1015,474,672,382,198,0.95217836
55,2,car,624,1016,473,674,392,201,0.9627743
56,2,car,630,1012,472,674,382,202,0.96728414
0,2,car,327,718,428,701,391,273,0.99205977
1,2,car,326,719,432,703,393,271,0.9850154
2,2,car,325,718,427,701,393,274,0.9908277
3,2,car,321,721,429,704,400,275,0.9880506
4,2,car,326,717,430,703,391,273,0.98834044
5,2,car,326,719,430,703,393,273,0.9875836
6,2,car,322,720,426,704,398,278,0.9875315
7,2,car,322,722,430,701,400,271,0.985128
8,2,car,326,717,430,701,391,271,0.9897169
9,2,car,321,721,428,704,400,276,0.9860093
10,2,car,323,722,428,703,399,275,0.9861936
11,2,car,326,719,429,703,393,274,0.98954403
12,2,car,326,719,428,700,393,272,0.99097544
13,2,car,326,719,428,704,393,276,0.99222857
14,2,car,323,720,427,705,397,278,0.9883987
15,2,car,326,719,429,701,393,272,0.9897117
16,2,car,322,721,427,703,399,276,0.9812377
17,2,car,325,719,428,700,394,272,0.9882382
18,2,car,323,719,429,703,396,274,0.988157
19,2,car,328,717,428,701,389,273,0.9915404
20,2,car,326,719,430,705,393,275,0.98934734
21,2,car,326,718,429,701,392,272,0.9883674
22,2,car,327,717,429,702,390,273,0.9905357
23,2,car,320,723,429,702,403,273,0.9843905
24,2,car,324,720,428,704,396,276,0.98831075
25,2,car,323,720,426,704,397,278,0.99095935
26,2,car,328,717,429,701,389,272,0.9907223
27,2,car,324,721,428,702,397,274,0.986733
28,2,car,322,720,428,702,398,274,0.9825019
29,2,car,324,718,427,702,394,275,0.9852958
30,2,car,326,718,431,701,392,270,0.992501
31,2,car,327,718,429,704,391,275,0.98675
32,2,car,324,719,427,704,395,277,0.9907067
33,2,car,326,718,428,702,392,274,0.99181396
34,2,car,324,719,432,700,395,268,0.9904738
35,2,car,321,721,428,704,400,276,0.98718786
36,2,car,325,718,428,702,393,274,0.9883029
37,2,car,327,717,428,702,390,274,0.9918989
38,2,car,325,720,428,703,395,275,0.98668766
39,2,car,323,719,426,702,396,276,0.98796034
40,2,car,325,718,428,703,393,275,0.99132633
41,2,car,324,719,429,702,395,273,0.9903659
42,2,car,325,719,429,703,394,274,0.98990077
43,2,car,323,721,429,701,398,272,0.985675
44,2,car,325,718,428,703,393,275,0.9901317
45,2,car,324,719,429,706,395,277,0.9873691
46,2,car,323,719,428,705,396,277,0.98655796
47,2,car,324,720,428,703,396,275,0.99021494
48,2,car,324,720,429,702,396,273,0.9859858
49,2,car,322,721,429,704,399,275,0.986656
50,2,car,325,718,427,701,393,274,0.9920203
51,2,car,327,718,429,703,391,274,0.98843944
52,2,car,325,720,428,703,395,275,0.98450696
53,2,car,324,720,428,702,396,274,0.9842464
54,2,car,323,721,432,700,398,268,0.9822901
55,2,car,633,1015,474,672,382,198,0.95217836
56,2,car,624,1016,473,674,392,201,0.9627743
57,2,car,630,1012,472,674,382,202,0.96728414
