,cid,label,left,right,top,bottom,width,height,score
0,2,car,682,1237,442,700,555,258,0.99446857
0,2,car,685,1239,441,699,554,258,0.9917766
1,2,car,682,1237,442,700,555,258,0.99446857
0,2,car,685,1231,441,698,546,257,0.99531245
1,2,car,685,1239,441,699,554,258,0.9917766
2,2,car,682,1237,442,700,555,258,0.99446857
0,2,car,626,1015,475,673,389,198,0.97766334
1,2,car,685,1231,441,698,546,257,0.99531245
2,2,car,685,1239,441,699,554,258,0.9917766
3,2,car,682,1237,442,700,555,258,0.99446857
0,2,car,629,1015,474,674,386,200,0.97014165
1,2,car,626,1015,475,673,389,198,0.97766334
2,2,car,685,1231,441,698,546,257,0.99531245
3,2,car,685,1239,441,699,554,258,0.9917766
4,2,car,682,1237,442,700,555,258,0.99446857
0,2,car,628,1012,475,674,384,199,0.9733792
1,2,car,629,1015,474,674,386,200,0.97014165
2,2,car,626,1015,475,673,389,198,0.97766334
3,2,car,685,1231,441,698,546,257,0.99531245
4,2,car,685,1239,441,699,554,258,0.9917766
5,2,car,682,1237,442,700,555,258,0.99446857
0,2,car,631,1016,472,675,385,203,0.9734898
1,2,car,628,1012,475,674,384,199,0.9733792
2,2,car,629,1015,474,674,386,200,0.97014165
3,2,car,626,1015,475,673,389,198,0.97766334
4,2,car,685,1231,441,698,546,257,0.99531245
5,2,car,685,1239,441,699,554,258,0.9917766
6,2,car,682,1237,442,700,555,258,0.99446857
0,2,car,643,1009,444,692,366,248,0.968654
1,2,car,631,1016,472,675,385,203,0.9734898
2,2,car,628,1012,475,674,384,199,0.9733792
3,2,car,629,1015,474,674,386,200,0.97014165
4,2,car,626,1015,475,673,389,198,0.97766334
5,2,car,685,1231,441,698,546,257,0.99531245
6,2,car,685,1239,441,699,554,258,0.9917766
7,2,car,682,1237,442,700,555,258,0.99446857
0,2,car,628,1014,474,675,386,201,0.9571815
1,2,car,643,1009,444,692,366,248,0.968654
2,2,car,631,1016,472,675,385,203,0.9734898
3,2,car,628,1012,475,674,384,199,0.9733792
4,2,car,629,1015,474,674,386,200,0.97014165
5,2,car,626,1015,475,673,389,198,0.97766334
6,2,car,685,1231,441,698,546,257,0.99531245
7,2,car,685,1239,441,699,554,258,0.9917766
8,2,car,682,1237,442,700,555,258,0.99446857
0,2,car,625,1013,473,673,388,200,0.9710994
1,2,car,628,1014,474,675,386,201,0.9571815
2,2,car,643,1009,444,692,366,248,0.968654
3,2,car,631,1016,472,675,385,203,0.9734898
4,2,car,628,1012,475,674,384,199,0.9733792
5,2,car,629,1015,474,674,386,200,0.97014165
6,2,car,626,1015,475,673,389,198,0.97766334
7,2,car,685,1231,441,698,546,257,0.99531245
8,2,car,685,1239,441,699,554,258,0.9917766
9,2,car,682,1237,442,700,555,258,0.99446857
0,2,car,625,1018,472,673,393,201,0.9807706
1,2,car,625,1013,473,673,388,200,0.9710994
2,2,car,628,1014,474,675,386,201,0.9571815
3,2,car,643,1009,444,692,366,248,0.968654
4,2,car,631,1016,472,675,385,203,0.9734898
5,2,car,628,1012,475,674,384,199,0.9733792
6,2,car,629,1015,474,674,386,200,0.97014165
7,2,car,626,1015,475,673,389,198,0.97766334
8,2,car,685,1231,441,698,546,257,0.99531245
9,2,car,685,1239,441,699,554,258,0.9917766
10,2,car,682,1237,442,700,555,258,0.99446857
0,2,car,632,1011,474,673,379,199,0.9785925
1,2,car,625,1018,472,673,393,201,0.9807706
2,2,car,625,1013,473,673,388,200,0.9710994
3,2,car,628,1014,474,675,386,201,0.9571815
4,2,car,643,1009,444,692,366,248,0.968654
5,2,car,631,1016,472,675,385,203,0.9734898
6,2,car,628,1012,475,674,384,199,0.9733792
7,2,car,629,1015,474,674,386,200,0.97014165
8,2,car,626,1015,475,673,389,198,0.97766334
9,2,car,685,1231,441,698,546,257,0.99531245
10,2,car,685,1239,441,699,554,258,0.9917766
11,2,car,682,1237,442,700,555,258,0.99446857
0,2,car,631,1014,473,674,383,201,0.9762004
1,2,car,632,1011,474,673,379,199,0.9785925
2,2,car,625,1018,472,673,393,201,0.9807706
3,2,car,625,1013,473,673,388,200,0.9710994
4,2,car,628,1014,474,675,386,201,0.9571815
5,2,car,643,1009,444,692,366,248,0.968654
6,2,car,631,1016,472,675,385,203,0.9734898
7,2,car,628,1012,475,674,384,199,0.9733792
8,2,car,629,1015,474,674,386,200,0.97014165
9,2,car,626,1015,475,673,389,198,0.97766334
10,2,car,685,1231,441,698,546,257,0.99531245
11,2,car,685,1239,441,699,554,258,0.9917766
12,2,car,682,1237,442,700,555,258,0.99446857
0,2,car,633,1011,472,674,378,202,0.9747178
1,2,car,631,1014,473,674,383,201,0.9762004
2,2,car,632,1011,474,673,379,199,0.9785925
3,2,car,625,1018,472,673,393,201,0.9807706
4,2,car,625,1013,473,673,388,200,0.9710994
5,2,car,628,1014,474,675,386,201,0.9571815
6,2,car,643,1009,444,692,366,248,0.968654
7,2,car,631,1016,472,675,385,203,0.9734898
8,2,car,628,1012,475,674,384,199,0.9733792
9,2,car,629,1015,474,674,386,200,0.97014165
10,2,car,626,1015,475,673,389,198,0.97766334
11,2,car,685,1231,441,698,546,257,0.99531245
12,2,car,685,1239,441,699,554,258,0.9917766
13,2,car,682,1237,442,700,555,258,0.99446857
0,2,car,631,1013,473,674,382,201,0.97663355
1,2,car,633,1011,472,674,378,202,0.9747178
2,2,car,631,1014,473,674,383,201,0.9762004
3,2,car,632,1011,474,673,379,199,0.9785925
4,2,car,625,1018,472,673,393,201,0.9807706
5,2,car,625,1013,473,673,388,200,0.9710994
6,2,car,628,1014,474,675,386,201,0.9571815
7,2,car,643,1009,444,692,366,248,0.968654
8,2,car,631,1016,472,675,385,203,0.9734898
9,2,car,628,1012,475,674,384,199,0.9733792
10,2,car,629,1015,474,674,386,200,0.97014165
11,2,car,626,1015,475,673,389,198,0.97766334
12,2,car,685,1231,441,698,546,257,0.99531245
13,2,car,685,1239,441,699,554,258,0.9917766
14,2,car,682,1237,442,700,555,258,0.99446857
0,2,car,632,1015,475,671,383,196,0.9632941
1,2,car,631,1013,473,674,382,201,0.97663355
2,2,car,633,1011,472,674,378,202,0.9747178
3,2,car,631,1014,473,674,383,201,0.9762004
4,2,car,632,1011,474,673,379,199,0.9785925
5,2,car,625,1018,472,673,393,201,0.9807706
6,2,car,625,1013,473,673,388,200,0.9710994
7,2,car,628,1014,474,675,386,201,0.9571815
8,2,car,643,1009,444,692,366,248,0.968654
9,2,car,631,1016,472,675,385,203,0.9734898
10,2,car,628,1012,475,674,384,199,0.9733792
11,2,car,629,1015,474,674,386,200,0.97014165
12,2,car,626,1015,475,673,389,198,0.97766334
13,2,car,685,1231,441,698,546,257,0.99531245
14,2,car,685,1239,441,699,554,258,0.9917766
15,2,car,682,1237,442,700,555,258,0.99446857
0,2,car,632,1014,473,674,382,201,0.9789371
1,2,car,632,1015,475,671,383,196,0.9632941
2,2,car,631,1013,473,674,382,201,0.97663355
3,2,car,633,1011,472,674,378,202,0.9747178
4,2,car,631,1014,473,674,383,201,0.9762004
5,2,car,632,1011,474,673,379,199,0.9785925
6,2,car,625,1018,472,673,393,201,0.9807706
7,2,car,625,1013,473,673,388,200,0.9710994
8,2,car,628,1014,474,675,386,201,0.9571815
9,2,car,643,1009,444,692,366,248,0.968654
10,2,car,631,1016,472,675,385,203,0.9734898
11,2,car,628,1012,475,674,384,199,0.9733792
12,2,car,629,1015,474,674,386,200,0.97014165
13,2,car,626,1015,475,673,389,198,0.97766334
14,2,car,685,1231,441,698,546,257,0.99531245
15,2,car,685,1239,441,699,554,258,0.9917766
16,2,car,682,1237,442,700,555,258,0.99446857
0,2,car,621,1018,477,672,397,195,0.9738996
1,2,car,632,1014,473,674,382,201,0.9789371
2,2,car,632,1015,475,671,383,196,0.9632941
3,2,car,631,1013,473,674,382,201,0.97663355
4,2,car,633,1011,472,674,378,202,0.9747178
5,2,car,631,1014,473,674,383,201,0.9762004
6,2,car,632,1011,474,673,379,199,0.9785925
7,2,car,625,1018,472,673,393,201,0.9807706
8,2,car,625,1013,473,673,388,200,0.9710994
9,2,car,628,1014,474,675,386,201,0.9571815
10,2,car,643,1009,444,692,366,248,0.968654
11,2,car,631,1016,472,675,385,203,0.9734898
12,2,car,628,1012,475,674,384,199,0.9733792
13,2,car,629,1015,474,674,386,200,0.97014165
14,2,car,626,1015,475,673,389,198,0.97766334
15,2,car,685,1231,441,698,546,257,0.99531245
16,2,car,685,1239,441,699,554,258,0.9917766
17,2,car,682,1237,442,700,555,258,0.99446857
0,2,car,623,1012,477,671,389,194,0.9858785
1,2,car,621,1018,477,672,397,195,0.9738996
2,2,car,632,1014,473,674,382,201,0.9789371
3,2,car,632,1015,475,671,383,196,0.9632941
4,2,car,631,1013,473,674,382,201,0.97663355
5,2,car,633,1011,472,674,378,202,0.9747178
6,2,car,631,1014,473,674,383,201,0.9762004
7,2,car,632,1011,474,673,379,199,0.9785925
8,2,car,625,1018,472,673,393,201,0.9807706
9,2,car,625,1013,473,673,388,200,0.9710994
10,2,car,628,1014,474,675,386,201,0.9571815
11,2,car,643,1009,444,692,366,248,0.968654
12,2,car,631,1016,472,675,385,203,0.9734898
13,2,car,628,1012,475,674,384,199,0.9733792
14,2,car,629,1015,474,674,386,200,0.97014165
15,2,car,626,1015,475,673,389,198,0.97766334
16,2,car,685,1231,441,698,546,257,0.99531245
17,2,car,685,1239,441,699,554,258,0.9917766
18,2,car,682,1237,442,700,555,258,0.99446857
0,2,car,634,1011,471,675,377,204,0.9817057
1,2,car,623,1012,477,671,389,194,0.9858785
2,2,car,621,1018,477,672,397,195,0.9738996
3,2,car,632,1014,473,674,382,201,0.9789371
4,2,car,632,1015,475,671,383,196,0.9632941
5,2,car,631,1013,473,674,382,201,0.97663355
6,2,car,633,1011,472,674,378,202,0.9747178
7,2,car,631,1014,473,674,383,201,0.9762004
8,2,car,632,1011,474,673,379,199,0.9785925
9,2,car,625,1018,472,673,393,201,0.9807706
10,2,car,625,1013,473,673,388,200,0.9710994
11,2,car,628,1014,474,675,386,201,0.9571815
12,2,car,643,1009,444,692,366,248,0.968654
13,2,car,631,1016,472,675,385,203,0.9734898
14,2,car,628,1012,475,674,384,199,0.9733792
15,2,car,629,1015,474,674,386,200,0.97014165
16,2,car,626,1015,475,673,389,198,0.97766334
17,2,car,685,1231,441,698,546,257,0.99531245
18,2,car,685,1239,441,699,554,258,0.9917766
19,2,car,682,1237,442,700,555,258,0.99446857
0,2,car,645,1010,445,692,365,247,0.97138506
1,2,car,634,1011,471,675,377,204,0.9817057
2,2,car,623,1012,477,671,389,194,0.9858785
3,2,car,621,1018,477,672,397,195,0.9738996
4,2,car,632,1014,473,674,382,201,0.9789371
5,2,car,632,1015,475,671,383,196,0.9632941
6,2,car,631,1013,473,674,382,201,0.97663355
7,2,car,633,1011,472,674,378,202,0.9747178
8,2,car,631,1014,473,674,383,201,0.9762004
9,2,car,632,1011,474,673,379,199,0.9785925
10,2,car,625,1018,472,673,393,201,0.9807706
11,2,car,625,1013,473,673,388,200,0.9710994
12,2,car,628,1014,474,675,386,201,0.9571815
13,2,car,643,1009,444,692,366,248,0.968654
14,2,car,631,1016,472,675,385,203,0.9734898
15,2,car,628,1012,475,674,384,199,0.9733792
16,2,car,629,1015,474,674,386,200,0.97014165
17,2,car,626,1015,475,673,389,198,0.97766334
18,2,car,685,1231,441,698,546,257,0.99531245
19,2,car,685,1239,441,699,554,258,0.9917766
20,2,car,682,1237,442,700,555,258,0.99446857
0,2,car,643,1009,444,691,366,247,0.9601804
1,2,car,645,1010,445,692,365,247,0.97138506
2,2,car,634,1011,471,675,377,204,0.9817057
3,2,car,623,1012,477,671,389,194,0.9858785
4,2,car,621,1018,477,672,397,195,0.9738996
5,2,car,632,1014,473,674,382,201,0.9789371
6,2,car,632,1015,475,671,383,196,0.9632941
7,2,car,631,1013,473,674,382,201,0.97663355
8,2,car,633,1011,472,674,378,202,0.9747178
9,2,car,631,1014,473,674,383,201,0.9762004
10,2,car,632,1011,474,673,379,199,0.9785925
11,2,car,625,1018,472,673,393,201,0.9807706
12,2,car,625,1013,473,673,388,200,0.9710994
13,2,car,628,1014,474,675,386,201,0.9571815
14,2,car,643,1009,444,692,366,248,0.968654
15,2,car,631,1016,472,675,385,203,0.9734898
16,2,car,628,1012,475,674,384,199,0.9733792
17,2,car,629,1015,474,674,386,200,0.97014165
18,2,car,626,1015,475,673,389,198,0.97766334
19,2,car,685,1231,441,698,546,257,0.99531245
20,2,car,685,1239,441,699,554,258,0.9917766
21,2,car,682,1237,442,700,555,258,0.99446857
0,2,car,628,1015,474,675,387,201,0.9739216
1,2,car,643,1009,444,691,366,247,0.9601804
2,2,car,645,1010,445,692,365,247,0.97138506
3,2,car,634,1011,471,675,377,204,0.9817057
4,2,car,623,1012,477,671,389,194,0.9858785
5,2,car,621,1018,477,672,397,195,0.9738996
6,2,car,632,1014,473,674,382,201,0.9789371
7,2,car,632,1015,475,671,383,196,0.9632941
8,2,car,631,1013,473,674,382,201,0.97663355
9,2,car,633,1011,472,674,378,202,0.9747178
10,2,car,631,1014,473,674,383,201,0.9762004
11,2,car,632,1011,474,673,379,199,0.9785925
12,2,car,625,1018,472,673,393,201,0.9807706
13,2,car,625,1013,473,673,388,200,0.9710994
14,2,car,628,1014,474,675,386,201,0.9571815
15,2,car,643,1009,444,692,366,248,0.968654
16,2,car,631,1016,472,675,385,203,0.9734898
17,2,car,628,1012,475,674,384,199,0.9733792
18,2,car,629,1015,474,674,386,200,0.97014165
19,2,car,626,1015,475,673,389,198,0.97766334
20,2,car,685,1231,441,698,546,257,0.99531245
21,2,car,685,1239,441,699,554,258,0.9917766
22,2,car,682,1237,442,700,555,258,0.99446857
0,2,car,634,1013,473,673,379,200,0.96952355
1,2,car,628,1015,474,675,387,201,0.9739216
2,2,car,643,1009,444,691,366,247,0.9601804
3,2,car,645,1010,445,692,365,247,0.97138506
4,2,car,634,1011,471,675,377,204,0.9817057
5,2,car,623,1012,477,671,389,194,0.9858785
6,2,car,621,1018,477,672,397,195,0.9738996
7,2,car,632,1014,473,674,382,201,0.9789371
8,2,car,632,1015,475,671,383,196,0.9632941
9,2,car,631,1013,473,674,382,201,0.97663355
10,2,car,633,1011,472,674,378,202,0.9747178
11,2,car,631,1014,473,674,383,201,0.9762004
12,2,car,632,1011,474,673,379,199,0.9785925
13,2,car,625,1018,472,673,393,201,0.9807706
14,2,car,625,1013,473,673,388,200,0.9710994
15,2,car,628,1014,474,675,386,201,0.9571815
16,2,car,643,1009,444,692,366,248,0.968654
17,2,car,631,1016,472,675,385,203,0.9734898
18,2,car,628,1012,475,674,384,199,0.9733792
19,2,car,629,1015,474,674,386,200,0.97014165
20,2,car,626,1015,475,673,389,198,0.97766334
21,2,car,685,1231,441,698,546,257,0.99531245
22,2,car,685,1239,441,699,554,258,0.9917766
23,2,car,682,1237,442,700,555,258,0.99446857
0,2,car,625,1013,474,673,388,199,0.96153694
1,2,car,634,1013,473,673,379,200,0.96952355
2,2,car,628,1015,474,675,387,201,0.9739216
3,2,car,643,1009,444,691,366,247,0.9601804
4,2,car,645,1010,445,692,365,247,0.97138506
5,2,car,634,1011,471,675,377,204,0.9817057
6,2,car,623,1012,477,671,389,194,0.9858785
7,2,car,621,1018,477,672,397,195,0.9738996
8,2,car,632,1014,473,674,382,201,0.9789371
9,2,car,632,1015,475,671,383,196,0.9632941
10,2,car,631,1013,473,674,382,201,0.97663355
11,2,car,633,1011,472,674,378,202,0.9747178
12,2,car,631,1014,473,674,383,201,0.9762004
13,2,car,632,1011,474,673,379,199,0.9785925
14,2,car,625,1018,472,673,393,201,0.9807706
15,2,car,625,1013,473,673,388,200,0.9710994
16,2,car,628,1014,474,675,386,201,0.9571815
17,2,car,643,1009,444,692,366,248,0.968654
18,2,car,631,1016,472,675,385,203,0.9734898
19,2,car,628,1012,475,674,384,199,0.9733792
20,2,car,629,1015,474,674,386,200,0.97014165
21,2,car,626,1015,475,673,389,198,0.97766334
22,2,car,685,1231,441,698,546,257,0.99531245
23,2,car,685,1239,441,699,554,258,0.9917766
24,2,car,682,1237,442,700,555,258,0.99446857
0,2,car,647,1009,443,691,362,248,0.9608042
1,2,car,625,1013,474,673,388,199,0.96153694
2,2,car,634,1013,473,673,379,200,0.96952355
3,2,car,628,1015,474,675,387,201,0.9739216
4,2,car,643,1009,444,691,366,247,0.9601804
5,2,car,645,1010,445,692,365,247,0.97138506
6,2,car,634,1011,471,675,377,204,0.9817057
7,2,car,623,1012,477,671,389,194,0.9858785
8,2,car,621,1018,477,672,397,195,0.9738996
9,2,car,632,1014,473,674,382,201,0.9789371
10,2,car,632,1015,475,671,383,196,0.9632941
11,2,car,631,1013,473,674,382,201,0.97663355
12,2,car,633,1011,472,674,378,202,0.9747178
13,2,car,631,1014,473,674,383,201,0.9762004
14,2,car,632,1011,474,673,379,199,0.9785925
15,2,car,625,1018,472,673,393,201,0.9807706
16,2,car,625,1013,473,673,388,200,0.9710994
17,2,car,628,1014,474,675,386,201,0.9571815
18,2,car,643,1009,444,692,366,248,0.968654
19,2,car,631,1016,472,675,385,203,0.9734898
20,2,car,628,1012,475,674,384,199,0.9733792
21,2,car,629,1015,474,674,386,200,0.97014165
22,2,car,626,1015,475,673,389,198,0.97766334
23,2,car,685,1231,441,698,546,257,0.99531245
24,2,car,685,1239,441,699,554,258,0.9917766
25,2,car,682,1237,442,700,555,258,0.99446857
0,2,car,639,1011,445,690,372,245,0.93557394
1,2,car,647,1009,443,691,362,248,0.9608042
2,2,car,625,1013,474,673,388,199,0.96153694
3,2,car,634,1013,473,673,379,200,0.96952355
4,2,car,628,1015,474,675,387,201,0.9739216
5,2,car,643,1009,444,691,366,247,0.9601804
6,2,car,645,1010,445,692,365,247,0.97138506
7,2,car,634,1011,471,675,377,204,0.9817057
8,2,car,623,1012,477,671,389,194,0.9858785
9,2,car,621,1018,477,672,397,195,0.9738996
10,2,car,632,1014,473,674,382,201,0.9789371
11,2,car,632,1015,475,671,383,196,0.9632941
12,2,car,631,1013,473,674,382,201,0.97663355
13,2,car,633,1011,472,674,378,202,0.9747178
14,2,car,631,1014,473,674,383,201,0.9762004
15,2,car,632,1011,474,673,379,199,0.9785925
16,2,car,625,1018,472,673,393,201,0.9807706
17,2,car,625,1013,473,673,388,200,0.9710994
18,2,car,628,1014,474,675,386,201,0.9571815
19,2,car,643,1009,444,692,366,248,0.968654
20,2,car,631,1016,472,675,385,203,0.9734898
21,2,car,628,1012,475,674,384,199,0.9733792
22,2,car,629,1015,474,674,386,200,0.97014165
23,2,car,626,1015,475,673,389,198,0.97766334
24,2,car,685,1231,441,698,546,257,0.99531245
25,2,car,685,1239,441,699,554,258,0.9917766
26,2,car,682,1237,442,700,555,258,0.99446857
0,2,car,643,1009,443,692,366,249,0.97531235
1,2,car,639,1011,445,690,372,245,0.93557394
2,2,car,647,1009,443,691,362,248,0.9608042
3,2,car,625,1013,474,673,388,199,0.96153694
4,2,car,634,1013,473,673,379,200,0.96952355
5,2,car,628,1015,474,675,387,201,0.9739216
6,2,car,643,1009,444,691,366,247,0.9601804
7,2,car,645,1010,445,692,365,247,0.97138506
8,2,car,634,1011,471,675,377,204,0.9817057
9,2,car,623,1012,477,671,389,194,0.9858785
10,2,car,621,1018,477,672,397,195,0.9738996
11,2,car,632,1014,473,674,382,201,0.9789371
12,2,car,632,1015,475,671,383,196,0.9632941
13,2,car,631,1013,473,674,382,201,0.97663355
14,2,car,633,1011,472,674,378,202,0.9747178
15,2,car,631,1014,473,674,383,201,0.9762004
16,2,car,632,1011,474,673,379,199,0.9785925
17,2,car,625,1018,472,673,393,201,0.9807706
18,2,car,625,1013,473,673,388,200,0.9710994
19,2,car,628,1014,474,675,386,201,0.9571815
20,2,car,643,1009,444,692,366,248,0.968654
21,2,car,631,1016,472,675,385,203,0.9734898
22,2,car,628,1012,475,674,384,199,0.9733792
23,2,car,629,1015,474,674,386,200,0.97014165
24,2,car,626,1015,475,673,389,198,0.97766334
25,2,car,685,1231,441,698,546,257,0.99531245
26,2,car,685,1239,441,699,554,258,0.9917766
27,2,car,682,1237,442,700,555,258,0.99446857
0,2,car,627,1019,474,673,392,199,0.9760366
1,2,car,643,1009,443,692,366,249,0.97531235
2,2,car,639,1011,445,690,372,245,0.93557394
3,2,car,647,1009,443,691,362,248,0.9608042
4,2,car,625,1013,474,673,388,199,0.96153694
5,2,car,634,1013,473,673,379,200,0.96952355
6,2,car,628,1015,474,675,387,201,0.9739216
7,2,car,643,1009,444,691,366,247,0.9601804
8,2,car,645,1010,445,692,365,247,0.97138506
9,2,car,634,1011,471,675,377,204,0.9817057
10,2,car,623,1012,477,671,389,194,0.9858785
11,2,car,621,1018,477,672,397,195,0.9738996
12,2,car,632,1014,473,674,382,201,0.9789371
13,2,car,632,1015,475,671,383,196,0.9632941
14,2,car,631,1013,473,674,382,201,0.97663355
15,2,car,633,1011,472,674,378,202,0.9747178
16,2,car,631,1014,473,674,383,201,0.9762004
17,2,car,632,1011,474,673,379,199,0.9785925
18,2,car,625,1018,472,673,393,201,0.9807706
19,2,car,625,1013,473,673,388,200,0.9710994
20,2,car,628,1014,474,675,386,201,0.9571815
21,2,car,643,1009,444,692,366,248,0.968654
22,2,car,631,1016,472,675,385,203,0.9734898
23,2,car,628,1012,475,674,384,199,0.9733792
24,2,car,629,1015,474,674,386,200,0.97014165
25,2,car,626,1015,475,673,389,198,0.97766334
26,2,car,685,1231,441,698,546,257,0.99531245
27,2,car,685,1239,441,699,554,258,0.9917766
28,2,car,682,1237,442,700,555,258,0.99446857
0,2,car,625,1017,473,674,392,201,0.9752887
1,2,car,627,1019,474,673,392,199,0.9760366
2,2,car,643,1009,443,692,366,249,0.97531235
3,2,car,639,1011,445,690,372,245,0.93557394
4,2,car,647,1009,443,691,362,248,0.9608042
5,2,car,625,1013,474,673,388,199,0.96153694
6,2,car,634,1013,473,673,379,200,0.96952355
7,2,car,628,1015,474,675,387,201,0.9739216
8,2,car,643,1009,444,691,366,247,0.9601804
9,2,car,645,1010,445,692,365,247,0.97138506
10,2,car,634,1011,471,675,377,204,0.9817057
11,2,car,623,1012,477,671,389,194,0.9858785
12,2,car,621,1018,477,672,397,195,0.9738996
13,2,car,632,1014,473,674,382,201,0.9789371
14,2,car,632,1015,475,671,383,196,0.9632941
15,2,car,631,1013,473,674,382,201,0.97663355
16,2,car,633,1011,472,674,378,202,0.9747178
17,2,car,631,1014,473,674,383,201,0.9762004
18,2,car,632,1011,474,673,379,199,0.9785925
19,2,car,625,1018,472,673,393,201,0.9807706
20,2,car,625,1013,473,673,388,200,0.9710994
21,2,car,628,1014,474,675,386,201,0.9571815
22,2,car,643,1009,444,692,366,248,0.968654
23,2,car,631,1016,472,675,385,203,0.9734898
24,2,car,628,1012,475,674,384,199,0.9733792
25,2,car,629,1015,474,674,386,200,0.97014165
26,2,car,626,1015,475,673,389,198,0.97766334
27,2,car,685,1231,441,698,546,257,0.99531245
28,2,car,685,1239,441,699,554,258,0.9917766
29,2,car,682,1237,442,700,555,258,0.99446857
0,2,car,628,1014,475,674,386,199,0.96665007
1,2,car,625,1017,473,674,392,201,0.9752887
2,2,car,627,1019,474,673,392,199,0.9760366
3,2,car,643,1009,443,692,366,249,0.97531235
4,2,car,639,1011,445,690,372,245,0.93557394
5,2,car,647,1009,443,691,362,248,0.9608042
6,2,car,625,1013,474,673,388,199,0.96153694
7,2,car,634,1013,473,673,379,200,0.96952355
8,2,car,628,1015,474,675,387,201,0.9739216
9,2,car,643,1009,444,691,366,247,0.9601804
10,2,car,645,1010,445,692,365,247,0.97138506
11,2,car,634,1011,471,675,377,204,0.9817057
12,2,car,623,1012,477,671,389,194,0.9858785
13,2,car,621,1018,477,672,397,195,0.9738996
14,2,car,632,1014,473,674,382,201,0.9789371
15,2,car,632,1015,475,671,383,196,0.9632941
16,2,car,631,1013,473,674,382,201,0.97663355
17,2,car,633,1011,472,674,378,202,0.9747178
18,2,car,631,1014,473,674,383,201,0.9762004
19,2,car,632,1011,474,673,379,199,0.9785925
20,2,car,625,1018,472,673,393,201,0.9807706
21,2,car,625,1013,473,673,388,200,0.9710994
22,2,car,628,1014,474,675,386,201,0.9571815
23,2,car,643,1009,444,692,366,248,0.968654
24,2,car,631,1016,472,675,385,203,0.9734898
25,2,car,628,1012,475,674,384,199,0.9733792
26,2,car,629,1015,474,674,386,200,0.97014165
27,2,car,626,1015,475,673,389,198,0.97766334
28,2,car,685,1231,441,698,546,257,0.99531245
29,2,car,685,1239,441,699,554,258,0.9917766
30,2,car,682,1237,442,700,555,258,0.99446857
0,2,car,649,1007,443,692,358,249,0.96546835
1,2,car,628,1014,475,674,386,199,0.96665007
2,2,car,625,1017,473,674,392,201,0.9752887
3,2,car,627,1019,474,673,392,199,0.9760366
4,2,car,643,1009,443,692,366,249,0.97531235
5,2,car,639,1011,445,690,372,245,0.93557394
6,2,car,647,1009,443,691,362,248,0.9608042
7,2,car,625,1013,474,673,388,199,0.96153694
8,2,car,634,1013,473,673,379,200,0.96952355
9,2,car,628,1015,474,675,387,201,0.9739216
10,2,car,643,1009,444,691,366,247,0.9601804
11,2,car,645,1010,445,692,365,247,0.97138506
12,2,car,634,1011,471,675,377,204,0.9817057
13,2,car,623,1012,477,671,389,194,0.9858785
14,2,car,621,1018,477,672,397,195,0.9738996
15,2,car,632,1014,473,674,382,201,0.9789371
16,2,car,632,1015,475,671,383,196,0.9632941
17,2,car,631,1013,473,674,382,201,0.97663355
18,2,car,633,1011,472,674,378,202,0.9747178
19,2,car,631,1014,473,674,383,201,0.9762004
20,2,car,632,1011,474,673,379,199,0.9785925
21,2,car,625,1018,472,673,393,201,0.9807706
22,2,car,625,1013,473,673,388,200,0.9710994
23,2,car,628,1014,474,675,386,201,0.9571815
24,2,car,643,1009,444,692,366,248,0.968654
25,2,car,631,1016,472,675,385,203,0.9734898
26,2,car,628,1012,475,674,384,199,0.9733792
27,2,car,629,1015,474,674,386,200,0.97014165
28,2,car,626,1015,475,673,389,198,0.97766334
29,2,car,685,1231,441,698,546,257,0.99531245
30,2,car,685,1239,441,699,554,258,0.9917766
31,2,car,682,1237,442,700,555,258,0.99446857
0,2,car,625,1014,475,674,389,199,0.9817268
1,2,car,649,1007,443,692,358,249,0.96546835
2,2,car,628,1014,475,674,386,199,0.96665007
3,2,car,625,1017,473,674,392,201,0.9752887
4,2,car,627,1019,474,673,392,199,0.9760366
5,2,car,643,1009,443,692,366,249,0.97531235
6,2,car,639,1011,445,690,372,245,0.93557394
7,2,car,647,1009,443,691,362,248,0.9608042
8,2,car,625,1013,474,673,388,199,0.96153694
9,2,car,634,1013,473,673,379,200,0.96952355
10,2,car,628,1015,474,675,387,201,0.9739216
11,2,car,643,1009,444,691,366,247,0.9601804
12,2,car,645,1010,445,692,365,247,0.97138506
13,2,car,634,1011,471,675,377,204,0.9817057
14,2,car,623,1012,477,671,389,194,0.9858785
15,2,car,621,1018,477,672,397,195,0.9738996
16,2,car,632,1014,473,674,382,201,0.9789371
17,2,car,632,1015,475,671,383,196,0.9632941
18,2,car,631,1013,473,674,382,201,0.97663355
19,2,car,633,1011,472,674,378,202,0.9747178
20,2,car,631,1014,473,674,383,201,0.9762004
21,2,car,632,1011,474,673,379,199,0.9785925
22,2,car,625,1018,472,673,393,201,0.9807706
23,2,car,625,1013,473,673,388,200,0.9710994
24,2,car,628,1014,474,675,386,201,0.9571815
25,2,car,643,1009,444,692,366,248,0.968654
26,2,car,631,1016,472,675,385,203,0.9734898
27,2,car,628,1012,475,674,384,199,0.9733792
28,2,car,629,1015,474,674,386,200,0.97014165
29,2,car,626,1015,475,673,389,198,0.97766334
30,2,car,685,1231,441,698,546,257,0.99531245
31,2,car,685,1239,441,699,554,258,0.9917766
32,2,car,682,1237,442,700,555,258,0.99446857
0,2,car,626,1020,476,673,394,197,0.97175354
1,2,car,625,1014,475,674,389,199,0.9817268
2,2,car,649,1007,443,692,358,249,0.96546835
3,2,car,628,1014,475,674,386,199,0.96665007
4,2,car,625,1017,473,674,392,201,0.9752887
5,2,car,627,1019,474,673,392,199,0.9760366
6,2,car,643,1009,443,692,366,249,0.97531235
7,2,car,639,1011,445,690,372,245,0.93557394
8,2,car,647,1009,443,691,362,248,0.9608042
9,2,car,625,1013,474,673,388,199,0.96153694
10,2,car,634,1013,473,673,379,200,0.96952355
11,2,car,628,1015,474,675,387,201,0.9739216
12,2,car,643,1009,444,691,366,247,0.9601804
13,2,car,645,1010,445,692,365,247,0.97138506
14,2,car,634,1011,471,675,377,204,0.9817057
15,2,car,623,1012,477,671,389,194,0.9858785
16,2,car,621,1018,477,672,397,195,0.9738996
17,2,car,632,1014,473,674,382,201,0.9789371
18,2,car,632,1015,475,671,383,196,0.9632941
19,2,car,631,1013,473,674,382,201,0.97663355
20,2,car,633,1011,472,674,378,202,0.9747178
21,2,car,631,1014,473,674,383,201,0.9762004
22,2,car,632,1011,474,673,379,199,0.9785925
23,2,car,625,1018,472,673,393,201,0.9807706
24,2,car,625,1013,473,673,388,200,0.9710994
25,2,car,628,1014,474,675,386,201,0.9571815
26,2,car,643,1009,444,692,366,248,0.968654
27,2,car,631,1016,472,675,385,203,0.9734898
28,2,car,628,1012,475,674,384,199,0.9733792
29,2,car,629,1015,474,674,386,200,0.97014165
30,2,car,626,1015,475,673,389,198,0.97766334
31,2,car,685,1231,441,698,546,257,0.99531245
32,2,car,685,1239,441,699,554,258,0.9917766
33,2,car,682,1237,442,700,555,258,0.99446857
0,2,car,627,1020,473,673,393,200,0.97096014
1,2,car,626,1020,476,673,394,197,0.97175354
2,2,car,625,1014,475,674,389,199,0.9817268
3,2,car,649,1007,443,692,358,249,0.96546835
4,2,car,628,1014,475,674,386,199,0.96665007
5,2,car,625,1017,473,674,392,201,0.9752887
6,2,car,627,1019,474,673,392,199,0.9760366
7,2,car,643,1009,443,692,366,249,0.97531235
8,2,car,639,1011,445,690,372,245,0.93557394
9,2,car,647,1009,443,691,362,248,0.9608042
10,2,car,625,1013,474,673,388,199,0.96153694
11,2,car,634,1013,473,673,379,200,0.96952355
12,2,car,628,1015,474,675,387,201,0.9739216
13,2,car,643,1009,444,691,366,247,0.9601804
14,2,car,645,1010,445,692,365,247,0.97138506
15,2,car,634,1011,471,675,377,204,0.9817057
16,2,car,623,1012,477,671,389,194,0.9858785
17,2,car,621,1018,477,672,397,195,0.9738996
18,2,car,632,1014,473,674,382,201,0.9789371
19,2,car,632,1015,475,671,383,196,0.9632941
20,2,car,631,1013,473,674,382,201,0.97663355
21,2,car,633,1011,472,674,378,202,0.9747178
22,2,car,631,1014,473,674,383,201,0.9762004
23,2,car,632,1011,474,673,379,199,0.9785925
24,2,car,625,1018,472,673,393,201,0.9807706
25,2,car,625,1013,473,673,388,200,0.9710994
26,2,car,628,1014,474,675,386,201,0.9571815
27,2,car,643,1009,444,692,366,248,0.968654
28,2,car,631,1016,472,675,385,203,0.9734898
29,2,car,628,1012,475,674,384,199,0.9733792
30,2,car,629,1015,474,674,386,200,0.97014165
31,2,car,626,1015,475,673,389,198,0.97766334
32,2,car,685,1231,441,698,546,257,0.99531245
33,2,car,685,1239,441,699,554,258,0.9917766
34,2,car,682,1237,442,700,555,258,0.99446857
0,2,car,644,1008,441,691,364,250,0.97733176
1,2,car,627,1020,473,673,393,200,0.97096014
2,2,car,626,1020,476,673,394,197,0.97175354
3,2,car,625,1014,475,674,389,199,0.9817268
4,2,car,649,1007,443,692,358,249,0.96546835
5,2,car,628,1014,475,674,386,199,0.96665007
6,2,car,625,1017,473,674,392,201,0.9752887
7,2,car,627,1019,474,673,392,199,0.9760366
8,2,car,643,1009,443,692,366,249,0.97531235
9,2,car,639,1011,445,690,372,245,0.93557394
10,2,car,647,1009,443,691,362,248,0.9608042
11,2,car,625,1013,474,673,388,199,0.96153694
12,2,car,634,1013,473,673,379,200,0.96952355
13,2,car,628,1015,474,675,387,201,0.9739216
14,2,car,643,1009,444,691,366,247,0.9601804
15,2,car,645,1010,445,692,365,247,0.97138506
16,2,car,634,1011,471,675,377,204,0.9817057
17,2,car,623,1012,477,671,389,194,0.9858785
18,2,car,621,1018,477,672,397,195,0.9738996
19,2,car,632,1014,473,674,382,201,0.9789371
20,2,car,632,1015,475,671,383,196,0.9632941
21,2,car,631,1013,473,674,382,201,0.97663355
22,2,car,633,1011,472,674,378,202,0.9747178
23,2,car,631,1014,473,674,383,201,0.9762004
24,2,car,632,1011,474,673,379,199,0.9785925
25,2,car,625,1018,472,673,393,201,0.9807706
26,2,car,625,1013,473,673,388,200,0.9710994
27,2,car,628,1014,474,675,386,201,0.9571815
28,2,car,643,1009,444,692,366,248,0.968654
29,2,car,631,1016,472,675,385,203,0.9734898
30,2,car,628,1012,475,674,384,199,0.9733792
31,2,car,629,1015,474,674,386,200,0.97014165
32,2,car,626,1015,475,673,389,198,0.97766334
33,2,car,685,1231,441,698,546,257,0.99531245
34,2,car,685,1239,441,699,554,258,0.9917766
35,2,car,682,1237,442,700,555,258,0.99446857
0,2,car,641,1010,443,691,369,248,0.9633414
1,2,car,644,1008,441,691,364,250,0.97733176
2,2,car,627,1020,473,673,393,200,0.97096014
3,2,car,626,1020,476,673,394,197,0.97175354
4,2,car,625,1014,475,674,389,199,0.9817268
5,2,car,649,1007,443,692,358,249,0.96546835
6,2,car,628,1014,475,674,386,199,0.96665007
7,2,car,625,1017,473,674,392,201,0.9752887
8,2,car,627,1019,474,673,392,199,0.9760366
9,2,car,643,1009,443,692,366,249,0.97531235
10,2,car,639,1011,445,690,372,245,0.93557394
11,2,car,647,1009,443,691,362,248,0.9608042
12,2,car,625,1013,474,673,388,199,0.96153694
13,2,car,634,1013,473,673,379,200,0.96952355
14,2,car,628,1015,474,675,387,201,0.9739216
15,2,car,643,1009,444,691,366,247,0.9601804
16,2,car,645,1010,445,692,365,247,0.97138506
17,2,car,634,1011,471,675,377,204,0.9817057
18,2,car,623,1012,477,671,389,194,0.9858785
19,2,car,621,1018,477,672,397,195,0.9738996
20,2,car,632,1014,473,674,382,201,0.9789371
21,2,car,632,1015,475,671,383,196,0.9632941
22,2,car,631,1013,473,674,382,201,0.97663355
23,2,car,633,1011,472,674,378,202,0.9747178
24,2,car,631,1014,473,674,383,201,0.9762004
25,2,car,632,1011,474,673,379,199,0.9785925
26,2,car,625,1018,472,673,393,201,0.9807706
27,2,car,625,1013,473,673,388,200,0.9710994
28,2,car,628,1014,474,675,386,201,0.9571815
29,2,car,643,1009,444,692,366,248,0.968654
30,2,car,631,1016,472,675,385,203,0.9734898
31,2,car,628,1012,475,674,384,199,0.9733792
32,2,car,629,1015,474,674,386,200,0.97014165
33,2,car,626,1015,475,673,389,198,0.97766334
34,2,car,685,1231,441,698,546,257,0.99531245
35,2,car,685,1239,441,699,554,258,0.9917766
36,2,car,682,1237,442,700,555,258,0.99446857
0,2,car,632,1014,476,672,382,196,0.97193736
1,2,car,641,1010,443,691,369,248,0.9633414
2,2,car,644,1008,441,691,364,250,0.97733176
3,2,car,627,1020,473,673,393,200,0.97096014
4,2,car,626,1020,476,673,394,197,0.97175354
5,2,car,625,1014,475,674,389,199,0.9817268
6,2,car,649,1007,443,692,358,249,0.96546835
7,2,car,628,1014,475,674,386,199,0.96665007
8,2,car,625,1017,473,674,392,201,0.9752887
9,2,car,627,1019,474,673,392,199,0.9760366
10,2,car,643,1009,443,692,366,249,0.97531235
11,2,car,639,1011,445,690,372,245,0.93557394
12,2,car,647,1009,443,691,362,248,0.9608042
13,2,car,625,1013,474,673,388,199,0.96153694
14,2,car,634,1013,473,673,379,200,0.96952355
15,2,car,628,1015,474,675,387,201,0.9739216
16,2,car,643,1009,444,691,366,247,0.9601804
17,2,car,645,1010,445,692,365,247,0.97138506
18,2,car,634,1011,471,675,377,204,0.9817057
19,2,car,623,1012,477,671,389,194,0.9858785
20,2,car,621,1018,477,672,397,195,0.9738996
21,2,car,632,1014,473,674,382,201,0.9789371
22,2,car,632,1015,475,671,383,196,0.9632941
23,2,car,631,1013,473,674,382,201,0.97663355
24,2,car,633,1011,472,674,378,202,0.9747178
25,2,car,631,1014,473,674,383,201,0.9762004
26,2,car,632,1011,474,673,379,199,0.9785925
27,2,car,625,1018,472,673,393,201,0.9807706
28,2,car,625,1013,473,673,388,200,0.9710994
29,2,car,628,1014,474,675,386,201,0.9571815
30,2,car,643,1009,444,692,366,248,0.968654
31,2,car,631,1016,472,675,385,203,0.9734898
32,2,car,628,1012,475,674,384,199,0.9733792
33,2,car,629,1015,474,674,386,200,0.97014165
34,2,car,626,1015,475,673,389,198,0.97766334
35,2,car,685,1231,441,698,546,257,0.99531245
36,2,car,685,1239,441,699,554,258,0.9917766
37,2,car,682,1237,442,700,555,258,0.99446857
0,2,car,642,1011,442,693,369,251,0.9706227
1,2,car,632,1014,476,672,382,196,0.97193736
2,2,car,641,1010,443,691,369,248,0.9633414
3,2,car,644,1008,441,691,364,250,0.97733176
4,2,car,627,1020,473,673,393,200,0.97096014
5,2,car,626,1020,476,673,394,197,0.97175354
6,2,car,625,1014,475,674,389,199,0.9817268
7,2,car,649,1007,443,692,358,249,0.96546835
8,2,car,628,1014,475,674,386,199,0.96665007
9,2,car,625,1017,473,674,392,201,0.9752887
10,2,car,627,1019,474,673,392,199,0.9760366
11,2,car,643,1009,443,692,366,249,0.97531235
12,2,car,639,1011,445,690,372,245,0.93557394
13,2,car,647,1009,443,691,362,248,0.9608042
14,2,car,625,1013,474,673,388,199,0.96153694
15,2,car,634,1013,473,673,379,200,0.96952355
16,2,car,628,1015,474,675,387,201,0.9739216
17,2,car,643,1009,444,691,366,247,0.9601804
18,2,car,645,1010,445,692,365,247,0.97138506
19,2,car,634,1011,471,675,377,204,0.9817057
20,2,car,623,1012,477,671,389,194,0.9858785
21,2,car,621,1018,477,672,397,195,0.9738996
22,2,car,632,1014,473,674,382,201,0.9789371
23,2,car,632,1015,475,671,383,196,0.9632941
24,2,car,631,1013,473,674,382,201,0.97663355
25,2,car,633,1011,472,674,378,202,0.9747178
26,2,car,631,1014,473,674,383,201,0.9762004
27,2,car,632,1011,474,673,379,199,0.9785925
28,2,car,625,1018,472,673,393,201,0.9807706
29,2,car,625,1013,473,673,388,200,0.9710994
30,2,car,628,1014,474,675,386,201,0.9571815
31,2,car,643,1009,444,692,366,248,0.968654
32,2,car,631,1016,472,675,385,203,0.9734898
33,2,car,628,1012,475,674,384,199,0.9733792
34,2,car,629,1015,474,674,386,200,0.97014165
35,2,car,626,1015,475,673,389,198,0.97766334
36,2,car,685,1231,441,698,546,257,0.99531245
37,2,car,685,1239,441,699,554,258,0.9917766
38,2,car,682,1237,442,700,555,258,0.99446857
0,2,car,630,1016,475,674,386,199,0.9736012
1,2,car,642,1011,442,693,369,251,0.9706227
2,2,car,632,1014,476,672,382,196,0.97193736
3,2,car,641,1010,443,691,369,248,0.9633414
4,2,car,644,1008,441,691,364,250,0.97733176
5,2,car,627,1020,473,673,393,200,0.97096014
6,2,car,626,1020,476,673,394,197,0.97175354
7,2,car,625,1014,475,674,389,199,0.9817268
8,2,car,649,1007,443,692,358,249,0.96546835
9,2,car,628,1014,475,674,386,199,0.96665007
10,2,car,625,1017,473,674,392,201,0.9752887
11,2,car,627,1019,474,673,392,199,0.9760366
12,2,car,643,1009,443,692,366,249,0.97531235
13,2,car,639,1011,445,690,372,245,0.93557394
14,2,car,647,1009,443,691,362,248,0.9608042
15,2,car,625,1013,474,673,388,199,0.96153694
16,2,car,634,1013,473,673,379,200,0.96952355
17,2,car,628,1015,474,675,387,201,0.9739216
18,2,car,643,1009,444,691,366,247,0.9601804
19,2,car,645,1010,445,692,365,247,0.97138506
20,2,car,634,1011,471,675,377,204,0.9817057
21,2,car,623,1012,477,671,389,194,0.9858785
22,2,car,621,1018,477,672,397,195,0.9738996
23,2,car,632,1014,473,674,382,201,0.9789371
24,2,car,632,1015,475,671,383,196,0.9632941
25,2,car,631,1013,473,674,382,201,0.97663355
26,2,car,633,1011,472,674,378,202,0.9747178
27,2,car,631,1014,473,674,383,201,0.9762004
28,2,car,632,1011,474,673,379,199,0.9785925
29,2,car,625,1018,472,673,393,201,0.9807706
30,2,car,625,1013,473,673,388,200,0.9710994
31,2,car,628,1014,474,675,386,201,0.9571815
32,2,car,643,1009,444,692,366,248,0.968654
33,2,car,631,1016,472,675,385,203,0.9734898
34,2,car,628,1012,475,674,384,199,0.9733792
35,2,car,629,1015,474,674,386,200,0.97014165
36,2,car,626,1015,475,673,389,198,0.97766334
37,2,car,685,1231,441,698,546,257,0.99531245
38,2,car,685,1239,441,699,554,258,0.9917766
39,2,car,682,1237,442,700,555,258,0.99446857
0,2,car,630,1012,472,674,382,202,0.96728414
1,2,car,630,1016,475,674,386,199,0.9736012
2,2,car,642,1011,442,693,369,251,0.9706227
3,2,car,632,1014,476,672,382,196,0.97193736
4,2,car,641,1010,443,691,369,248,0.9633414
5,2,car,644,1008,441,691,364,250,0.97733176
6,2,car,627,1020,473,673,393,200,0.97096014
7,2,car,626,1020,476,673,394,197,0.97175354
8,2,car,625,1014,475,674,389,199,0.9817268
9,2,car,649,1007,443,692,358,249,0.96546835
10,2,car,628,1014,475,674,386,199,0.96665007
11,2,car,625,1017,473,674,392,201,0.9752887
12,2,car,627,1019,474,673,392,199,0.9760366
13,2,car,643,1009,443,692,366,249,0.97531235
14,2,car,639,1011,445,690,372,245,0.93557394
15,2,car,647,1009,443,691,362,248,0.9608042
16,2,car,625,1013,474,673,388,199,0.96153694
17,2,car,634,1013,473,673,379,200,0.96952355
18,2,car,628,1015,474,675,387,201,0.9739216
19,2,car,643,1009,444,691,366,247,0.9601804
20,2,car,645,1010,445,692,365,247,0.97138506
21,2,car,634,1011,471,675,377,204,0.9817057
22,2,car,623,1012,477,671,389,194,0.9858785
23,2,car,621,1018,477,672,397,195,0.9738996
24,2,car,632,1014,473,674,382,201,0.9789371
25,2,car,632,1015,475,671,383,196,0.9632941
26,2,car,631,1013,473,674,382,201,0.97663355
27,2,car,633,1011,472,674,378,202,0.9747178
28,2,car,631,1014,473,674,383,201,0.9762004
29,2,car,632,1011,474,673,379,199,0.9785925
30,2,car,625,1018,472,673,393,201,0.9807706
31,2,car,625,1013,473,673,388,200,0.9710994
32,2,car,628,1014,474,675,386,201,0.9571815
33,2,car,643,1009,444,692,366,248,0.968654
34,2,car,631,1016,472,675,385,203,0.9734898
35,2,car,628,1012,475,674,384,199,0.9733792
36,2,car,629,1015,474,674,386,200,0.97014165
37,2,car,626,1015,475,673,389,198,0.97766334
38,2,car,685,1231,441,698,546,257,0.99531245
39,2,car,685,1239,441,699,554,258,0.9917766
40,2,car,682,1237,442,700,555,258,0.99446857
0,2,car,627,1016,476,672,389,196,0.9839381
1,2,car,630,1012,472,674,382,202,0.96728414
2,2,car,630,1016,475,674,386,199,0.9736012
3,2,car,642,1011,442,693,369,251,0.9706227
4,2,car,632,1014,476,672,382,196,0.97193736
5,2,car,641,1010,443,691,369,248,0.9633414
6,2,car,644,1008,441,691,364,250,0.97733176
7,2,car,627,1020,473,673,393,200,0.97096014
8,2,car,626,1020,476,673,394,197,0.97175354
9,2,car,625,1014,475,674,389,199,0.9817268
10,2,car,649,1007,443,692,358,249,0.96546835
11,2,car,628,1014,475,674,386,199,0.96665007
12,2,car,625,1017,473,674,392,201,0.9752887
13,2,car,627,1019,474,673,392,199,0.9760366
14,2,car,643,1009,443,692,366,249,0.97531235
15,2,car,639,1011,445,690,372,245,0.93557394
16,2,car,647,1009,443,691,362,248,0.9608042
17,2,car,625,1013,474,673,388,199,0.96153694
18,2,car,634,1013,473,673,379,200,0.96952355
19,2,car,628,1015,474,675,387,201,0.9739216
20,2,car,643,1009,444,691,366,247,0.9601804
21,2,car,645,1010,445,692,365,247,0.97138506
22,2,car,634,1011,471,675,377,204,0.9817057
23,2,car,623,1012,477,671,389,194,0.9858785
24,2,car,621,1018,477,672,397,195,0.9738996
25,2,car,632,1014,473,674,382,201,0.9789371
26,2,car,632,1015,475,671,383,196,0.9632941
27,2,car,631,1013,473,674,382,201,0.97663355
28,2,car,633,1011,472,674,378,202,0.9747178
29,2,car,631,1014,473,674,383,201,0.9762004
30,2,car,632,1011,474,673,379,199,0.9785925
31,2,car,625,1018,472,673,393,201,0.9807706
32,2,car,625,1013,473,673,388,200,0.9710994
33,2,car,628,1014,474,675,386,201,0.9571815
34,2,car,643,1009,444,692,366,248,0.968654
35,2,car,631,1016,472,675,385,203,0.9734898
36,2,car,628,1012,475,674,384,199,0.9733792
37,2,car,629,1015,474,674,386,200,0.97014165
38,2,car,626,1015,475,673,389,198,0.97766334
39,2,car,685,1231,441,698,546,257,0.99531245
40,2,car,685,1239,441,699,554,258,0.9917766
41,2,car,682,1237,442,700,555,258,0.99446857
0,2,car,624,1016,473,674,392,201,0.9627743
1,2,car,627,1016,476,672,389,196,0.9839381
2,2,car,630,1012,472,674,382,202,0.96728414
3,2,car,630,1016,475,674,386,199,0.9736012
4,2,car,642,1011,442,693,369,251,0.9706227
5,2,car,632,1014,476,672,382,196,0.97193736
6,2,car,641,1010,443,691,369,248,0.9633414
7,2,car,644,1008,441,691,364,250,0.97733176
8,2,car,627,1020,473,673,393,200,0.97096014
9,2,car,626,1020,476,673,394,197,0.97175354
10,2,car,625,1014,475,674,389,199,0.9817268
11,2,car,649,1007,443,692,358,249,0.96546835
12,2,car,628,1014,475,674,386,199,0.96665007
13,2,car,625,1017,473,674,392,201,0.9752887
14,2,car,627,1019,474,673,392,199,0.9760366
15,2,car,643,1009,443,692,366,249,0.97531235
16,2,car,639,1011,445,690,372,245,0.93557394
17,2,car,647,1009,443,691,362,248,0.9608042
18,2,car,625,1013,474,673,388,199,0.96153694
19,2,car,634,1013,473,673,379,200,0.96952355
20,2,car,628,1015,474,675,387,201,0.9739216
21,2,car,643,1009,444,691,366,247,0.9601804
22,2,car,645,1010,445,692,365,247,0.97138506
23,2,car,634,1011,471,675,377,204,0.9817057
24,2,car,623,1012,477,671,389,194,0.9858785
25,2,car,621,1018,477,672,397,195,0.9738996
26,2,car,632,1014,473,674,382,201,0.9789371
27,2,car,632,1015,475,671,383,196,0.9632941
28,2,car,631,1013,473,674,382,201,0.97663355
29,2,car,633,1011,472,674,378,202,0.9747178
30,2,car,631,1014,473,674,383,201,0.9762004
31,2,car,632,1011,474,673,379,199,0.9785925
32,2,car,625,1018,472,673,393,201,0.9807706
33,2,car,625,1013,473,673,388,200,0.9710994
34,2,car,628,1014,474,675,386,201,0.9571815
35,2,car,643,1009,444,692,366,248,0.968654
36,2,car,631,1016,472,675,385,203,0.9734898
37,2,car,628,1012,475,674,384,199,0.9733792
38,2,car,629,1015,474,674,386,200,0.97014165
39,2,car,626,1015,475,673,389,198,0.97766334
40,2,car,685,1231,441,698,546,257,0.99531245
41,2,car,685,1239,441,699,554,258,0.9917766
42,2,car,682,1237,442,700,555,258,0.99446857
0,2,car,630,1011,475,674,381,199,0.961221
1,2,car,624,1016,473,674,392,201,0.9627743
2,2,car,627,1016,476,672,389,196,0.9839381
3,2,car,630,1012,472,674,382,202,0.96728414
4,2,car,630,1016,475,674,386,199,0.9736012
5,2,car,642,1011,442,693,369,251,0.9706227
6,2,car,632,1014,476,672,382,196,0.97193736
7,2,car,641,1010,443,691,369,248,0.9633414
8,2,car,644,1008,441,691,364,250,0.97733176
9,2,car,627,1020,473,673,393,200,0.97096014
10,2,car,626,1020,476,673,394,197,0.97175354
11,2,car,625,1014,475,674,389,199,0.9817268
12,2,car,649,1007,443,692,358,249,0.96546835
13,2,car,628,1014,475,674,386,199,0.96665007
14,2,car,625,1017,473,674,392,201,0.9752887
15,2,car,627,1019,474,673,392,199,0.9760366
16,2,car,643,1009,443,692,366,249,0.97531235
17,2,car,639,1011,445,690,372,245,0.93557394
18,2,car,647,1009,443,691,362,248,0.9608042
19,2,car,625,1013,474,673,388,199,0.96153694
20,2,car,634,1013,473,673,379,200,0.96952355
21,2,car,628,1015,474,675,387,201,0.9739216
22,2,car,643,1009,444,691,366,247,0.9601804
23,2,car,645,1010,445,692,365,247,0.97138506
24,2,car,634,1011,471,675,377,204,0.9817057
25,2,car,623,1012,477,671,389,194,0.9858785
26,2,car,621,1018,477,672,397,195,0.9738996
27,2,car,632,1014,473,674,382,201,0.9789371
28,2,car,632,1015,475,671,383,196,0.9632941
29,2,car,631,1013,473,674,382,201,0.97663355
30,2,car,633,1011,472,674,378,202,0.9747178
31,2,car,631,1014,473,674,383,201,0.9762004
32,2,car,632,1011,474,673,379,199,0.9785925
33,2,car,625,1018,472,673,393,201,0.9807706
34,2,car,625,1013,473,673,388,200,0.9710994
35,2,car,628,1014,474,675,386,201,0.9571815
36,2,car,643,1009,444,692,366,248,0.968654
37,2,car,631,1016,472,675,385,203,0.9734898
38,2,car,628,1012,475,674,384,199,0.9733792
39,2,car,629,1015,474,674,386,200,0.97014165
40,2,car,626,1015,475,673,389,198,0.97766334
41,2,car,685,1231,441,698,546,257,0.99531245
42,2,car,685,1239,441,699,554,258,0.9917766
43,2,car,682,1237,442,700,555,258,0.99446857
0,2,car,633,1015,474,672,382,198,0.95217836
1,2,car,630,1011,475,674,381,199,0.961221
2,2,car,624,1016,473,674,392,201,0.9627743
3,2,car,627,1016,476,672,389,196,0.9839381
4,2,car,630,1012,472,674,382,202,0.96728414
5,2,car,630,1016,475,674,386,199,0.9736012
6,2,car,642,1011,442,693,369,251,0.9706227
7,2,car,632,1014,476,672,382,196,0.97193736
8,2,car,641,1010,443,691,369,248,0.9633414
9,2,car,644,1008,441,691,364,250,0.97733176
10,2,car,627,1020,473,673,393,200,0.97096014
11,2,car,626,1020,476,673,394,197,0.97175354
12,2,car,625,1014,475,674,389,199,0.9817268
13,2,car,649,1007,443,692,358,249,0.96546835
14,2,car,628,1014,475,674,386,199,0.96665007
15,2,car,625,1017,473,674,392,201,0.9752887
16,2,car,627,1019,474,673,392,199,0.9760366
17,2,car,643,1009,443,692,366,249,0.97531235
18,2,car,639,1011,445,690,372,245,0.93557394
19,2,car,647,1009,443,691,362,248,0.9608042
20,2,car,625,1013,474,673,388,199,0.96153694
21,2,car,634,1013,473,673,379,200,0.96952355
22,2,car,628,1015,474,675,387,201,0.9739216
23,2,car,643,1009,444,691,366,247,0.9601804
24,2,car,645,1010,445,692,365,247,0.97138506
25,2,car,634,1011,471,675,377,204,0.9817057
26,2,car,623,1012,477,671,389,194,0.9858785
27,2,car,621,1018,477,672,397,195,0.9738996
28,2,car,632,1014,473,674,382,201,0.9789371
29,2,car,632,1015,475,671,383,196,0.9632941
30,2,car,631,1013,473,674,382,201,0.97663355
31,2,car,633,1011,472,674,378,202,0.9747178
32,2,car,631,1014,473,674,383,201,0.9762004
33,2,car,632,1011,474,673,379,199,0.9785925
34,2,car,625,1018,472,673,393,201,0.9807706
35,2,car,625,1013,473,673,388,200,0.9710994
36,2,car,628,1014,474,675,386,201,0.9571815
37,2,car,643,1009,444,692,366,248,0.968654
38,2,car,631,1016,472,675,385,203,0.9734898
39,2,car,628,1012,475,674,384,199,0.9733792
40,2,car,629,1015,474,674,386,200,0.97014165
41,2,car,626,1015,475,673,389,198,0.97766334
42,2,car,685,1231,441,698,546,257,0.99531245
43,2,car,685,1239,441,699,554,258,0.9917766
44,2,car,682,1237,442,700,555,258,0.99446857
0,2,car,631,1018,475,673,387,198,0.97842884
1,2,car,633,1015,474,672,382,198,0.95217836
2,2,car,630,1011,475,674,381,199,0.961221
3,2,car,624,1016,473,674,392,201,0.9627743
4,2,car,627,1016,476,672,389,196,0.9839381
5,2,car,630,1012,472,674,382,202,0.96728414
6,2,car,630,1016,475,674,386,199,0.9736012
7,2,car,642,1011,442,693,369,251,0.9706227
8,2,car,632,1014,476,672,382,196,0.97193736
9,2,car,641,1010,443,691,369,248,0.9633414
10,2,car,644,1008,441,691,364,250,0.97733176
11,2,car,627,1020,473,673,393,200,0.97096014
12,2,car,626,1020,476,673,394,197,0.97175354
13,2,car,625,1014,475,674,389,199,0.9817268
14,2,car,649,1007,443,692,358,249,0.96546835
15,2,car,628,1014,475,674,386,199,0.96665007
16,2,car,625,1017,473,674,392,201,0.9752887
17,2,car,627,1019,474,673,392,199,0.9760366
18,2,car,643,1009,443,692,366,249,0.97531235
19,2,car,639,1011,445,690,372,245,0.93557394
20,2,car,647,1009,443,691,362,248,0.9608042
21,2,car,625,1013,474,673,388,199,0.96153694
22,2,car,634,1013,473,673,379,200,0.96952355
23,2,car,628,1015,474,675,387,201,0.9739216
24,2,car,643,1009,444,691,366,247,0.9601804
25,2,car,645,1010,445,692,365,247,0.97138506
26,2,car,634,1011,471,675,377,204,0.9817057
27,2,car,623,1012,477,671,389,194,0.9858785
28,2,car,621,1018,477,672,397,195,0.9738996
29,2,car,632,1014,473,674,382,201,0.9789371
30,2,car,632,1015,475,671,383,196,0.9632941
31,2,car,631,1013,473,674,382,201,0.97663355
32,2,car,633,1011,472,674,378,202,0.9747178
33,2,car,631,1014,473,674,383,201,0.9762004
34,2,car,632,1011,474,673,379,199,0.9785925
35,2,car,625,1018,472,673,393,201,0.9807706
36,2,car,625,1013,473,673,388,200,0.9710994
37,2,car,628,1014,474,675,386,201,0.9571815
38,2,car,643,1009,444,692,366,248,0.968654
39,2,car,631,1016,472,675,385,203,0.9734898
40,2,car,628,1012,475,674,384,199,0.9733792
41,2,car,629,1015,474,674,386,200,0.97014165
42,2,car,626,1015,475,673,389,198,0.97766334
43,2,car,685,1231,441,698,546,257,0.99531245
44,2,car,685,1239,441,699,554,258,0.9917766
45,2,car,682,1237,442,700,555,258,0.99446857
0,2,car,629,1011,474,673,382,199,0.9655218
1,2,car,631,1018,475,673,387,198,0.97842884
2,2,car,633,1015,474,672,382,198,0.95217836
3,2,car,630,1011,475,674,381,199,0.961221
4,2,car,624,1016,473,674,392,201,0.9627743
5,2,car,627,1016,476,672,389,196,0.9839381
6,2,car,630,1012,472,674,382,202,0.96728414
7,2,car,630,1016,475,674,386,199,0.9736012
8,2,car,642,1011,442,693,369,251,0.9706227
9,2,car,632,1014,476,672,382,196,0.97193736
10,2,car,641,1010,443,691,369,248,0.9633414
11,2,car,644,1008,441,691,364,250,0.97733176
12,2,car,627,1020,473,673,393,200,0.97096014
13,2,car,626,1020,476,673,394,197,0.97175354
14,2,car,625,1014,475,674,389,199,0.9817268
15,2,car,649,1007,443,692,358,249,0.96546835
16,2,car,628,1014,475,674,386,199,0.96665007
17,2,car,625,1017,473,674,392,201,0.9752887
18,2,car,627,1019,474,673,392,199,0.9760366
19,2,car,643,1009,443,692,366,249,0.97531235
20,2,car,639,1011,445,690,372,245,0.93557394
21,2,car,647,1009,443,691,362,248,0.9608042
22,2,car,625,1013,474,673,388,199,0.96153694
23,2,car,634,1013,473,673,379,200,0.96952355
24,2,car,628,1015,474,675,387,201,0.9739216
25,2,car,643,1009,444,691,366,247,0.9601804
26,2,car,645,1010,445,692,365,247,0.97138506
27,2,car,634,1011,471,675,377,204,0.9817057
28,2,car,623,1012,477,671,389,194,0.9858785
29,2,car,621,1018,477,672,397,195,0.9738996
30,2,car,632,1014,473,674,382,201,0.9789371
31,2,car,632,1015,475,671,383,196,0.9632941
32,2,car,631,1013,473,674,382,201,0.97663355
33,2,car,633,1011,472,674,378,202,0.9747178
34,2,car,631,1014,473,674,383,201,0.9762004
35,2,car,632,1011,474,673,379,199,0.9785925
36,2,car,625,1018,472,673,393,201,0.9807706
37,2,car,625,1013,473,673,388,200,0.9710994
38,2,car,628,1014,474,675,386,201,0.9571815
39,2,car,643,1009,444,692,366,248,0.968654
40,2,car,631,1016,472,675,385,203,0.9734898
41,2,car,628,1012,475,674,384,199,0.9733792
42,2,car,629,1015,474,674,386,200,0.97014165
43,2,car,626,1015,475,673,389,198,0.97766334
44,2,car,685,1231,441,698,546,257,0.99531245
45,2,car,685,1239,441,699,554,258,0.9917766
46,2,car,682,1237,442,700,555,258,0.99446857
0,2,car,634,1015,474,674,381,200,0.9644879
1,2,car,629,1011,474,673,382,199,0.9655218
2,2,car,631,1018,475,673,387,198,0.97842884
3,2,car,633,1015,474,672,382,198,0.95217836
4,2,car,630,1011,475,674,381,199,0.961221
5,2,car,624,1016,473,674,392,201,0.9627743
6,2,car,627,1016,476,672,389,196,0.9839381
7,2,car,630,1012,472,674,382,202,0.96728414
8,2,car,630,1016,475,674,386,199,0.9736012
9,2,car,642,1011,442,693,369,251,0.9706227
10,2,car,632,1014,476,672,382,196,0.97193736
11,2,car,641,1010,443,691,369,248,0.9633414
12,2,car,644,1008,441,691,364,250,0.97733176
13,2,car,627,1020,473,673,393,200,0.97096014
14,2,car,626,1020,476,673,394,197,0.97175354
15,2,car,625,1014,475,674,389,199,0.9817268
16,2,car,649,1007,443,692,358,249,0.96546835
17,2,car,628,1014,475,674,386,199,0.96665007
18,2,car,625,1017,473,674,392,201,0.9752887
19,2,car,627,1019,474,673,392,199,0.9760366
20,2,car,643,1009,443,692,366,249,0.97531235
21,2,car,639,1011,445,690,372,245,0.93557394
22,2,car,647,1009,443,691,362,248,0.9608042
23,2,car,625,1013,474,673,388,199,0.96153694
24,2,car,634,1013,473,673,379,200,0.96952355
25,2,car,628,1015,474,675,387,201,0.9739216
26,2,car,643,1009,444,691,366,247,0.9601804
27,2,car,645,1010,445,692,365,247,0.97138506
28,2,car,634,1011,471,675,377,204,0.9817057
29,2,car,623,1012,477,671,389,194,0.9858785
30,2,car,621,1018,477,672,397,195,0.9738996
31,2,car,632,1014,473,674,382,201,0.9789371
32,2,car,632,1015,475,671,383,196,0.9632941
33,2,car,631,1013,473,674,382,201,0.97663355
34,2,car,633,1011,472,674,378,202,0.9747178
35,2,car,631,1014,473,674,383,201,0.9762004
36,2,car,632,1011,474,673,379,199,0.9785925
37,2,car,625,1018,472,673,393,201,0.9807706
38,2,car,625,1013,473,673,388,200,0.9710994
39,2,car,628,1014,474,675,386,201,0.9571815
40,2,car,643,1009,444,692,366,248,0.968654
41,2,car,631,1016,472,675,385,203,0.9734898
42,2,car,628,1012,475,674,384,199,0.9733792
43,2,car,629,1015,474,674,386,200,0.97014165
44,2,car,626,1015,475,673,389,198,0.97766334
45,2,car,685,1231,441,698,546,257,0.99531245
46,2,car,685,1239,441,699,554,258,0.9917766
47,2,car,682,1237,442,700,555,258,0.99446857
0,2,car,647,1008,443,692,361,249,0.9663368
1,2,car,634,1015,474,674,381,200,0.9644879
2,2,car,629,1011,474,673,382,199,0.9655218
3,2,car,631,1018,475,673,387,198,0.97842884
4,2,car,633,1015,474,672,382,198,0.95217836
5,2,car,630,1011,475,674,381,199,0.961221
6,2,car,624,1016,473,674,392,201,0.9627743
7,2,car,627,1016,476,672,389,196,0.9839381
8,2,car,630,1012,472,674,382,202,0.96728414
9,2,car,630,1016,475,674,386,199,0.9736012
10,2,car,642,1011,442,693,369,251,0.9706227
11,2,car,632,1014,476,672,382,196,0.97193736
12,2,car,641,1010,443,691,369,248,0.9633414
13,2,car,644,1008,441,691,364,250,0.97733176
14,2,car,627,1020,473,673,393,200,0.97096014
15,2,car,626,1020,476,673,394,197,0.97175354
16,2,car,625,1014,475,674,389,199,0.9817268
17,2,car,649,1007,443,692,358,249,0.96546835
18,2,car,628,1014,475,674,386,199,0.96665007
19,2,car,625,1017,473,674,392,201,0.9752887
20,2,car,627,1019,474,673,392,199,0.9760366
21,2,car,643,1009,443,692,366,249,0.97531235
22,2,car,639,1011,445,690,372,245,0.93557394
23,2,car,647,1009,443,691,362,248,0.9608042
24,2,car,625,1013,474,673,388,199,0.96153694
25,2,car,634,1013,473,673,379,200,0.96952355
26,2,car,628,1015,474,675,387,201,0.9739216
27,2,car,643,1009,444,691,366,247,0.9601804
28,2,car,645,1010,445,692,365,247,0.97138506
29,2,car,634,1011,471,675,377,204,0.9817057
30,2,car,623,1012,477,671,389,194,0.9858785
31,2,car,621,1018,477,672,397,195,0.9738996
32,2,car,632,1014,473,674,382,201,0.9789371
33,2,car,632,1015,475,671,383,196,0.9632941
34,2,car,631,1013,473,674,382,201,0.97663355
35,2,car,633,1011,472,674,378,202,0.9747178
36,2,car,631,1014,473,674,383,201,0.9762004
37,2,car,632,1011,474,673,379,199,0.9785925
38,2,car,625,1018,472,673,393,201,0.9807706
39,2,car,625,1013,473,673,388,200,0.9710994
40,2,car,628,1014,474,675,386,201,0.9571815
41,2,car,643,1009,444,692,366,248,0.968654
42,2,car,631,1016,472,675,385,203,0.9734898
43,2,car,628,1012,475,674,384,199,0.9733792
44,2,car,629,1015,474,674,386,200,0.97014165
45,2,car,626,1015,475,673,389,198,0.97766334
46,2,car,685,1231,441,698,546,257,0.99531245
47,2,car,685,1239,441,699,554,258,0.9917766
48,2,car,682,1237,442,700,555,258,0.99446857
0,2,car,644,1009,443,689,365,246,0.9763336
1,2,car,647,1008,443,692,361,249,0.9663368
2,2,car,634,1015,474,674,381,200,0.9644879
3,2,car,629,1011,474,673,382,199,0.9655218
4,2,car,631,1018,475,673,387,198,0.97842884
5,2,car,633,1015,474,672,382,198,0.95217836
6,2,car,630,1011,475,674,381,199,0.961221
7,2,car,624,1016,473,674,392,201,0.9627743
8,2,car,627,1016,476,672,389,196,0.9839381
9,2,car,630,1012,472,674,382,202,0.96728414
10,2,car,630,1016,475,674,386,199,0.9736012
11,2,car,642,1011,442,693,369,251,0.9706227
12,2,car,632,1014,476,672,382,196,0.97193736
13,2,car,641,1010,443,691,369,248,0.9633414
14,2,car,644,1008,441,691,364,250,0.97733176
15,2,car,627,1020,473,673,393,200,0.97096014
16,2,car,626,1020,476,673,394,197,0.97175354
17,2,car,625,1014,475,674,389,199,0.9817268
18,2,car,649,1007,443,692,358,249,0.96546835
19,2,car,628,1014,475,674,386,199,0.96665007
20,2,car,625,1017,473,674,392,201,0.9752887
21,2,car,627,1019,474,673,392,199,0.9760366
22,2,car,643,1009,443,692,366,249,0.97531235
23,2,car,639,1011,445,690,372,245,0.93557394
24,2,car,647,1009,443,691,362,248,0.9608042
25,2,car,625,1013,474,673,388,199,0.96153694
26,2,car,634,1013,473,673,379,200,0.96952355
27,2,car,628,1015,474,675,387,201,0.9739216
28,2,car,643,1009,444,691,366,247,0.9601804
29,2,car,645,1010,445,692,365,247,0.97138506
30,2,car,634,1011,471,675,377,204,0.9817057
31,2,car,623,1012,477,671,389,194,0.9858785
32,2,car,621,1018,477,672,397,195,0.9738996
33,2,car,632,1014,473,674,382,201,0.9789371
34,2,car,632,1015,475,671,383,196,0.9632941
35,2,car,631,1013,473,674,382,201,0.97663355
36,2,car,633,1011,472,674,378,202,0.9747178
37,2,car,631,1014,473,674,383,201,0.9762004
38,2,car,632,1011,474,673,379,199,0.9785925
39,2,car,625,1018,472,673,393,201,0.9807706
40,2,car,625,1013,473,673,388,200,0.9710994
41,2,car,628,1014,474,675,386,201,0.9571815
42,2,car,643,1009,444,692,366,248,0.968654
43,2,car,631,1016,472,675,385,203,0.9734898
44,2,car,628,1012,475,674,384,199,0.9733792
45,2,car,629,1015,474,674,386,200,0.97014165
46,2,car,626,1015,475,673,389,198,0.97766334
47,2,car,685,1231,441,698,546,257,0.99531245
48,2,car,685,1239,441,699,554,258,0.9917766
49,2,car,682,1237,442,700,555,258,0.99446857
0,2,car,632,1014,473,673,382,200,0.9791934
1,2,car,644,1009,443,689,365,246,0.9763336
2,2,car,647,1008,443,692,361,249,0.9663368
3,2,car,634,1015,474,674,381,200,0.9644879
4,2,car,629,1011,474,673,382,199,0.9655218
5,2,car,631,1018,475,673,387,198,0.97842884
6,2,car,633,1015,474,672,382,198,0.95217836
7,2,car,630,1011,475,674,381,199,0.961221
8,2,car,624,1016,473,674,392,201,0.9627743
9,2,car,627,1016,476,672,389,196,0.9839381
10,2,car,630,1012,472,674,382,202,0.96728414
11,2,car,630,1016,475,674,386,199,0.9736012
12,2,car,642,1011,442,693,369,251,0.9706227
13,2,car,632,1014,476,672,382,196,0.97193736
14,2,car,641,1010,443,691,369,248,0.9633414
15,2,car,644,1008,441,691,364,250,0.97733176
16,2,car,627,1020,473,673,393,200,0.97096014
17,2,car,626,1020,476,673,394,197,0.97175354
18,2,car,625,1014,475,674,389,199,0.9817268
19,2,car,649,1007,443,692,358,249,0.96546835
20,2,car,628,1014,475,674,386,199,0.96665007
21,2,car,625,1017,473,674,392,201,0.9752887
22,2,car,627,1019,474,673,392,199,0.9760366
23,2,car,643,1009,443,692,366,249,0.97531235
24,2,car,639,1011,445,690,372,245,0.93557394
25,2,car,647,1009,443,691,362,248,0.9608042
26,2,car,625,1013,474,673,388,199,0.96153694
27,2,car,634,1013,473,673,379,200,0.96952355
28,2,car,628,1015,474,675,387,201,0.9739216
29,2,car,643,1009,444,691,366,247,0.9601804
30,2,car,645,1010,445,692,365,247,0.97138506
31,2,car,634,1011,471,675,377,204,0.9817057
32,2,car,623,1012,477,671,389,194,0.9858785
33,2,car,621,1018,477,672,397,195,0.9738996
34,2,car,632,1014,473,674,382,201,0.9789371
35,2,car,632,1015,475,671,383,196,0.9632941
36,2,car,631,1013,473,674,382,201,0.97663355
37,2,car,633,1011,472,674,378,202,0.9747178
38,2,car,631,1014,473,674,383,201,0.9762004
39,2,car,632,1011,474,673,379,199,0.9785925
40,2,car,625,1018,472,673,393,201,0.9807706
41,2,car,625,1013,473,673,388,200,0.9710994
42,2,car,628,1014,474,675,386,201,0.9571815
43,2,car,643,1009,444,692,366,248,0.968654
44,2,car,631,1016,472,675,385,203,0.9734898
45,2,car,628,1012,475,674,384,199,0.9733792
46,2,car,629,1015,474,674,386,200,0.97014165
47,2,car,626,1015,475,673,389,198,0.97766334
48,2,car,685,1231,441,698,546,257,0.99531245
49,2,car,685,1239,441,699,554,258,0.9917766
50,2,car,682,1237,442,700,555,258,0.99446857
0,2,car,633,1020,473,673,387,200,0.96441555
1,2,car,632,1014,473,673,382,200,0.9791934
2,2,car,644,1009,443,689,365,246,0.9763336
3,2,car,647,1008,443,692,361,249,0.9663368
4,2,car,634,1015,474,674,381,200,0.9644879
5,2,car,629,1011,474,673,382,199,0.9655218
6,2,car,631,1018,475,673,387,198,0.97842884
7,2,car,633,1015,474,672,382,198,0.95217836
8,2,car,630,1011,475,674,381,199,0.961221
9,2,car,624,1016,473,674,392,201,0.9627743
10,2,car,627,1016,476,672,389,196,0.9839381
11,2,car,630,1012,472,674,382,202,0.96728414
12,2,car,630,1016,475,674,386,199,0.9736012
13,2,car,642,1011,442,693,369,251,0.9706227
14,2,car,632,1014,476,672,382,196,0.97193736
15,2,car,641,1010,443,691,369,248,0.9633414
16,2,car,644,1008,441,691,364,250,0.97733176
17,2,car,627,1020,473,673,393,200,0.97096014
18,2,car,626,1020,476,673,394,197,0.97175354
19,2,car,625,1014,475,674,389,199,0.9817268
20,2,car,649,1007,443,692,358,249,0.96546835
21,2,car,628,1014,475,674,386,199,0.96665007
22,2,car,625,1017,473,674,392,201,0.9752887
23,2,car,627,1019,474,673,392,199,0.9760366
24,2,car,643,1009,443,692,366,249,0.97531235
25,2,car,639,1011,445,690,372,245,0.93557394
26,2,car,647,1009,443,691,362,248,0.9608042
27,2,car,625,1013,474,673,388,199,0.96153694
28,2,car,634,1013,473,673,379,200,0.96952355
29,2,car,628,1015,474,675,387,201,0.9739216
30,2,car,643,1009,444,691,366,247,0.9601804
31,2,car,645,1010,445,692,365,247,0.97138506
32,2,car,634,1011,471,675,377,204,0.9817057
33,2,car,623,1012,477,671,389,194,0.9858785
34,2,car,621,1018,477,672,397,195,0.9738996
35,2,car,632,1014,473,674,382,201,0.9789371
36,2,car,632,1015,475,671,383,196,0.9632941
37,2,car,631,1013,473,674,382,201,0.97663355
38,2,car,633,1011,472,674,378,202,0.9747178
39,2,car,631,1014,473,674,383,201,0.9762004
40,2,car,632,1011,474,673,379,199,0.9785925
41,2,car,625,1018,472,673,393,201,0.9807706
42,2,car,625,1013,473,673,388,200,0.9710994
43,2,car,628,1014,474,675,386,201,0.9571815
44,2,car,643,1009,444,692,366,248,0.968654
45,2,car,631,1016,472,675,385,203,0.9734898
46,2,car,628,1012,475,674,384,199,0.9733792
47,2,car,629,1015,474,674,386,200,0.97014165
48,2,car,626,1015,475,673,389,198,0.97766334
49,2,car,685,1231,441,698,546,257,0.99531245
50,2,car,685,1239,441,699,554,258,0.9917766
51,2,car,682,1237,442,700,555,258,0.99446857
0,2,car,629,1018,474,672,389,198,0.9669815
1,2,car,633,1020,473,673,387,200,0.96441555
2,2,car,632,1014,473,673,382,200,0.9791934
3,2,car,644,1009,443,689,365,246,0.9763336
4,2,car,647,1008,443,692,361,249,0.9663368
5,2,car,634,1015,474,674,381,200,0.9644879
6,2,car,629,1011,474,673,382,199,0.9655218
7,2,car,631,1018,475,673,387,198,0.97842884
8,2,car,633,1015,474,672,382,198,0.95217836
9,2,car,630,1011,475,674,381,199,0.961221
10,2,car,624,1016,473,674,392,201,0.9627743
11,2,car,627,1016,476,672,389,196,0.9839381
12,2,car,630,1012,472,674,382,202,0.96728414
13,2,car,630,1016,475,674,386,199,0.9736012
14,2,car,642,1011,442,693,369,251,0.9706227
15,2,car,632,1014,476,672,382,196,0.97193736
16,2,car,641,1010,443,691,369,248,0.9633414
17,2,car,644,1008,441,691,364,250,0.97733176
18,2,car,627,1020,473,673,393,200,0.97096014
19,2,car,626,1020,476,673,394,197,0.97175354
20,2,car,625,1014,475,674,389,199,0.9817268
21,2,car,649,1007,443,692,358,249,0.96546835
22,2,car,628,1014,475,674,386,199,0.96665007
23,2,car,625,1017,473,674,392,201,0.9752887
24,2,car,627,1019,474,673,392,199,0.9760366
25,2,car,643,1009,443,692,366,249,0.97531235
26,2,car,639,1011,445,690,372,245,0.93557394
27,2,car,647,1009,443,691,362,248,0.9608042
28,2,car,625,1013,474,673,388,199,0.96153694
29,2,car,634,1013,473,673,379,200,0.96952355
30,2,car,628,1015,474,675,387,201,0.9739216
31,2,car,643,1009,444,691,366,247,0.9601804
32,2,car,645,1010,445,692,365,247,0.97138506
33,2,car,634,1011,471,675,377,204,0.9817057
34,2,car,623,1012,477,671,389,194,0.9858785
35,2,car,621,1018,477,672,397,195,0.9738996
36,2,car,632,1014,473,674,382,201,0.9789371
37,2,car,632,1015,475,671,383,196,0.9632941
38,2,car,631,1013,473,674,382,201,0.97663355
39,2,car,633,1011,472,674,378,202,0.9747178
40,2,car,631,1014,473,674,383,201,0.9762004
41,2,car,632,1011,474,673,379,199,0.9785925
42,2,car,625,1018,472,673,393,201,0.9807706
43,2,car,625,1013,473,673,388,200,0.9710994
44,2,car,628,1014,474,675,386,201,0.9571815
45,2,car,643,1009,444,692,366,248,0.968654
46,2,car,631,1016,472,675,385,203,0.9734898
47,2,car,628,1012,475,674,384,199,0.9733792
48,2,car,629,1015,474,674,386,200,0.97014165
49,2,car,626,1015,475,673,389,198,0.97766334
50,2,car,685,1231,441,698,546,257,0.99531245
51,2,car,685,1239,441,699,554,258,0.9917766
52,2,car,682,1237,442,700,555,258,0.99446857
0,2,car,624,1016,473,673,392,200,0.9807366
1,2,car,629,1018,474,672,389,198,0.9669815
2,2,car,633,1020,473,673,387,200,0.96441555
3,2,car,632,1014,473,673,382,200,0.9791934
4,2,car,644,1009,443,689,365,246,0.9763336
5,2,car,647,1008,443,692,361,249,0.9663368
6,2,car,634,1015,474,674,381,200,0.9644879
7,2,car,629,1011,474,673,382,199,0.9655218
8,2,car,631,1018,475,673,387,198,0.97842884
9,2,car,633,1015,474,672,382,198,0.95217836
10,2,car,630,1011,475,674,381,199,0.961221
11,2,car,624,1016,473,674,392,201,0.9627743
12,2,car,627,1016,476,672,389,196,0.9839381
13,2,car,630,1012,472,674,382,202,0.96728414
14,2,car,630,1016,475,674,386,199,0.9736012
15,2,car,642,1011,442,693,369,251,0.9706227
16,2,car,632,1014,476,672,382,196,0.97193736
17,2,car,641,1010,443,691,369,248,0.9633414
18,2,car,644,1008,441,691,364,250,0.97733176
19,2,car,627,1020,473,673,393,200,0.97096014
20,2,car,626,1020,476,673,394,197,0.97175354
21,2,car,625,1014,475,674,389,199,0.9817268
22,2,car,649,1007,443,692,358,249,0.96546835
23,2,car,628,1014,475,674,386,199,0.96665007
24,2,car,625,1017,473,674,392,201,0.9752887
25,2,car,627,1019,474,673,392,199,0.9760366
26,2,car,643,1009,443,692,366,249,0.97531235
27,2,car,639,1011,445,690,372,245,0.93557394
28,2,car,647,1009,443,691,362,248,0.9608042
29,2,car,625,1013,474,673,388,199,0.96153694
30,2,car,634,1013,473,673,379,200,0.96952355
31,2,car,628,1015,474,675,387,201,0.9739216
32,2,car,643,1009,444,691,366,247,0.9601804
33,2,car,645,1010,445,692,365,247,0.97138506
34,2,car,634,1011,471,675,377,204,0.9817057
35,2,car,623,1012,477,671,389,194,0.9858785
36,2,car,621,1018,477,672,397,195,0.9738996
37,2,car,632,1014,473,674,382,201,0.9789371
38,2,car,632,1015,475,671,383,196,0.9632941
39,2,car,631,1013,473,674,382,201,0.97663355
40,2,car,633,1011,472,674,378,202,0.9747178
41,2,car,631,1014,473,674,383,201,0.9762004
42,2,car,632,1011,474,673,379,199,0.9785925
43,2,car,625,1018,472,673,393,201,0.9807706
44,2,car,625,1013,473,673,388,200,0.9710994
45,2,car,628,1014,474,675,386,201,0.9571815
46,2,car,643,1009,444,692,366,248,0.968654
47,2,car,631,1016,472,675,385,203,0.9734898
48,2,car,628,1012,475,674,384,199,0.9733792
49,2,car,629,1015,474,674,386,200,0.97014165
50,2,car,626,1015,475,673,389,198,0.97766334
51,2,car,685,1231,441,698,546,257,0.99531245
52,2,car,685,1239,441,699,554,258,0.9917766
53,2,car,682,1237,442,700,555,258,0.99446857
0,2,car,629,1011,475,674,382,199,0.9703058
1,2,car,624,1016,473,673,392,200,0.9807366
2,2,car,629,1018,474,672,389,198,0.9669815
3,2,car,633,1020,473,673,387,200,0.96441555
4,2,car,632,1014,473,673,382,200,0.9791934
5,2,car,644,1009,443,689,365,246,0.9763336
6,2,car,647,1008,443,692,361,249,0.9663368
7,2,car,634,1015,474,674,381,200,0.9644879
8,2,car,629,1011,474,673,382,199,0.9655218
9,2,car,631,1018,475,673,387,198,0.97842884
10,2,car,633,1015,474,672,382,198,0.95217836
11,2,car,630,1011,475,674,381,199,0.961221
12,2,car,624,1016,473,674,392,201,0.9627743
13,2,car,627,1016,476,672,389,196,0.9839381
14,2,car,630,1012,472,674,382,202,0.96728414
15,2,car,630,1016,475,674,386,199,0.9736012
16,2,car,642,1011,442,693,369,251,0.9706227
17,2,car,632,1014,476,672,382,196,0.97193736
18,2,car,641,1010,443,691,369,248,0.9633414
19,2,car,644,1008,441,691,364,250,0.97733176
20,2,car,627,1020,473,673,393,200,0.97096014
21,2,car,626,1020,476,673,394,197,0.97175354
22,2,car,625,1014,475,674,389,199,0.9817268
23,2,car,649,1007,443,692,358,249,0.96546835
24,2,car,628,1014,475,674,386,199,0.96665007
25,2,car,625,1017,473,674,392,201,0.9752887
26,2,car,627,1019,474,673,392,199,0.9760366
27,2,car,643,1009,443,692,366,249,0.97531235
28,2,car,639,1011,445,690,372,245,0.93557394
29,2,car,647,1009,443,691,362,248,0.9608042
30,2,car,625,1013,474,673,388,199,0.96153694
31,2,car,634,1013,473,673,379,200,0.96952355
32,2,car,628,1015,474,675,387,201,0.9739216
33,2,car,643,1009,444,691,366,247,0.9601804
34,2,car,645,1010,445,692,365,247,0.97138506
35,2,car,634,1011,471,675,377,204,0.9817057
36,2,car,623,1012,477,671,389,194,0.9858785
37,2,car,621,1018,477,672,397,195,0.9738996
38,2,car,632,1014,473,674,382,201,0.9789371
39,2,car,632,1015,475,671,383,196,0.9632941
40,2,car,631,1013,473,674,382,201,0.97663355
41,2,car,633,1011,472,674,378,202,0.9747178
42,2,car,631,1014,473,674,383,201,0.9762004
43,2,car,632,1011,474,673,379,199,0.9785925
44,2,car,625,1018,472,673,393,201,0.9807706
45,2,car,625,1013,473,673,388,200,0.9710994
46,2,car,628,1014,474,675,386,201,0.9571815
47,2,car,643,1009,444,692,366,248,0.968654
48,2,car,631,1016,472,675,385,203,0.9734898
49,2,car,628,1012,475,674,384,199,0.9733792
50,2,car,629,1015,474,674,386,200,0.97014165
51,2,car,626,1015,475,673,389,198,0.97766334
52,2,car,685,1231,441,698,546,257,0.99531245
53,2,car,685,1239,441,699,554,258,0.9917766
54,2,car,682,1237,442,700,555,258,0.99446857
0,2,car,625,1016,472,674,391,202,0.9743279
1,2,car,629,1011,475,674,382,199,0.9703058
2,2,car,624,1016,473,673,392,200,0.9807366
3,2,car,629,1018,474,672,389,198,0.9669815
4,2,car,633,1020,473,673,387,200,0.96441555
5,2,car,632,1014,473,673,382,200,0.9791934
6,2,car,644,1009,443,689,365,246,0.9763336
7,2,car,647,1008,443,692,361,249,0.9663368
8,2,car,634,1015,474,674,381,200,0.9644879
9,2,car,629,1011,474,673,382,199,0.9655218
10,2,car,631,1018,475,673,387,198,0.97842884
11,2,car,633,1015,474,672,382,198,0.95217836
12,2,car,630,1011,475,674,381,199,0.961221
13,2,car,624,1016,473,674,392,201,0.9627743
14,2,car,627,1016,476,672,389,196,0.9839381
15,2,car,630,1012,472,674,382,202,0.96728414
16,2,car,630,1016,475,674,386,199,0.9736012
17,2,car,642,1011,442,693,369,251,0.9706227
18,2,car,632,1014,476,672,382,196,0.97193736
19,2,car,641,1010,443,691,369,248,0.9633414
20,2,car,644,1008,441,691,364,250,0.97733176
21,2,car,627,1020,473,673,393,200,0.97096014
22,2,car,626,1020,476,673,394,197,0.97175354
23,2,car,625,1014,475,674,389,199,0.9817268
24,2,car,649,1007,443,692,358,249,0.96546835
25,2,car,628,1014,475,674,386,199,0.96665007
26,2,car,625,1017,473,674,392,201,0.9752887
27,2,car,627,1019,474,673,392,199,0.9760366
28,2,car,643,1009,443,692,366,249,0.97531235
29,2,car,639,1011,445,690,372,245,0.93557394
30,2,car,647,1009,443,691,362,248,0.9608042
31,2,car,625,1013,474,673,388,199,0.96153694
32,2,car,634,1013,473,673,379,200,0.96952355
33,2,car,628,1015,474,675,387,201,0.9739216
34,2,car,643,1009,444,691,366,247,0.9601804
35,2,car,645,1010,445,692,365,247,0.97138506
36,2,car,634,1011,471,675,377,204,0.9817057
37,2,car,623,1012,477,671,389,194,0.9858785
38,2,car,621,1018,477,672,397,195,0.9738996
39,2,car,632,1014,473,674,382,201,0.9789371
40,2,car,632,1015,475,671,383,196,0.9632941
41,2,car,631,1013,473,674,382,201,0.97663355
42,2,car,633,1011,472,674,378,202,0.9747178
43,2,car,631,1014,473,674,383,201,0.9762004
44,2,car,632,1011,474,673,379,199,0.9785925
45,2,car,625,1018,472,673,393,201,0.9807706
46,2,car,625,1013,473,673,388,200,0.9710994
47,2,car,628,1014,474,675,386,201,0.9571815
48,2,car,643,1009,444,692,366,248,0.968654
49,2,car,631,1016,472,675,385,203,0.9734898
50,2,car,628,1012,475,674,384,199,0.9733792
51,2,car,629,1015,474,674,386,200,0.97014165
52,2,car,626,1015,475,673,389,198,0.97766334
53,2,car,685,1231,441,698,546,257,0.99531245
54,2,car,685,1239,441,699,554,258,0.9917766
55,2,car,682,1237,442,700,555,258,0.99446857
