cam0:
 fx: 629.4060487263433
 fy: 637.4750876304287
 cx: 957.1104211302809
 cy: 510.74745683876876

 k1: -0.17026635616829924
 k2: 0.02443175431215447
 p1: 0.0008733759010157118
 p2: 0.0041680700165298845
 k3: -0.0014017842293311607

 tvec: [0.000000000000, 0.000000000000, 0.000000000000]
 rvec: [0.000000000000, 0.000000000000, 0.000000000000]

 width: 1920
 height: 1080
