cam0:
 fx: 577.2804987114378
 fy: 578.0863036272024
 cx: 988.1271930063292
 cy: 549.7172016810617

 k1: 0.08072364546600559
 k2: 0.03240932908608475
 k3: -0.04335295241636139
 k4: 0.010657657605356492

 tvec: [0.000000000000, 0.000000000000, 0.000000000000]
 rvec: [0.000000000000, 0.000000000000, 0.000000000000]

 width: 1920
 height: 1080
