cam0:
 fx: 626.2255332614341
 fy: 637.7464100777762
 cx: 944.9705149151742
 cy: 510.7802128700671

 k1: -0.17970120327164057
 k2: 0.025462252668064532
 p1: 0.0
 p2: 0.0
 k3: -0.0014629923098133457

 tvec: [0.000000000000, 0.000000000000, 0.000000000000]
 rvec: [0.000000000000, 0.000000000000, 0.000000000000]

 width: 1920
 height: 1080
